0	0	0	0	0	0	0	0	0	0	0	1	1	1	0	0.0	
0	0	0	0	0	0	0	0	0	1	0	0	0	0	0	0.0	
0	0	0	0	0	0	0	0	0	1	0	0	0	1	0	0.0	
0	0	0	0	0	0	0	0	0	1	0	0	1	0	0	0.0	
0	0	0	0	0	0	0	0	0	1	0	0	1	1	0	0.0	
0	0	0	0	0	0	0	0	0	1	0	0	1	1	1	0.0	
0	0	0	0	0	0	0	0	0	1	0	1	0	0	0	0.0	
0	0	0	0	0	0	0	0	0	1	0	1	0	1	0	0.0	
0	0	0	0	0	0	0	0	0	1	0	1	1	0	0	0.0	
0	0	0	0	0	0	0	0	0	1	0	1	1	0	1	0.0	
0	0	0	0	0	0	0	0	0	1	0	1	1	1	0	0.0	
0	0	0	0	0	0	0	0	0	1	0	1	1	1	1	0.0	
0	0	0	0	0	0	0	0	0	1	1	0	1	0	0	0.0	
0	0	0	0	0	0	0	0	0	1	1	0	1	1	0	0.0	
0	0	0	0	0	0	0	0	0	1	1	1	0	0	0	0.009537337662337664	
0	0	0	0	0	0	0	0	0	1	1	1	0	1	0	0.0	
0	0	0	0	0	0	0	0	0	1	1	1	1	0	0	0.1477005869503235	
0	0	0	0	0	0	0	0	0	1	1	1	1	1	0	0.01856120974272646	
0	0	0	0	0	0	0	0	1	0	0	1	1	0	0	0.0	
0	0	0	0	0	0	0	0	1	0	0	1	1	1	0	0.0	
0	0	0	0	0	0	0	0	1	1	0	0	0	0	0	0.0	
0	0	0	0	0	0	0	0	1	1	0	0	0	1	0	0.0	
0	0	0	0	0	0	0	0	1	1	0	0	1	0	0	0.0	
0	0	0	0	0	0	0	0	1	1	0	0	1	0	1	0.0	
0	0	0	0	0	0	0	0	1	1	0	0	1	1	0	0.0	
0	0	0	0	0	0	0	0	1	1	0	0	1	1	1	0.0	
0	0	0	0	0	0	0	0	1	1	0	1	0	0	0	0.0017669254834296044	
0	0	0	0	0	0	0	0	1	1	0	1	0	1	0	0.022152400028580543	
0	0	0	0	0	0	0	0	1	1	0	1	0	1	1	0.0	
0	0	0	0	0	0	0	0	1	1	0	1	1	0	0	0.03099004274186401	
0	0	0	0	0	0	0	0	1	1	0	1	1	0	1	0.0	
0	0	0	0	0	0	0	0	1	1	0	1	1	1	0	0.0039302935789216065	
0	0	0	0	0	0	0	0	1	1	0	1	1	1	1	0.0	
0	0	0	0	0	0	0	0	1	1	1	0	1	0	0	0.005276631933758713	
0	0	0	0	0	0	0	0	1	1	1	0	1	1	0	0.0	
0	0	0	0	0	0	0	0	1	1	1	1	0	0	0	0.2667086513674417	
0	0	0	0	0	0	0	0	1	1	1	1	1	0	0	0.2668829401560089	
0	0	0	0	0	0	0	0	1	1	1	1	1	0	1	0.2767505564115733	
0	0	0	0	0	0	0	0	1	1	1	1	1	1	0	0.2827364478286757	
0	0	0	0	0	0	0	0	1	1	1	1	1	1	1	0.22248258946169674	
0	0	0	0	0	0	0	1	0	1	0	0	1	0	0	0.0	
0	0	0	0	0	0	0	1	0	1	0	0	1	1	0	0.0	
0	0	0	0	0	0	0	1	0	1	0	1	0	1	0	0.0	
0	0	0	0	0	0	0	1	0	1	0	1	1	0	0	0.16538788906324642	
0	0	0	0	0	0	0	1	0	1	0	1	1	1	0	0.11867999398795404	
0	0	0	0	0	0	0	1	0	1	1	1	1	0	0	0.3866410441218882	
0	0	0	0	0	0	0	1	0	1	1	1	1	1	0	0.39253868361016353	
0	0	0	0	0	0	0	1	1	1	0	0	1	0	0	0.0	
0	0	0	0	0	0	0	1	1	1	0	0	1	1	0	0.0	
0	0	0	0	0	0	0	1	1	1	0	1	0	0	0	0.29373066921307556	
0	0	0	0	0	0	0	1	1	1	0	1	0	1	0	0.19197939281617704	
0	0	0	0	0	0	0	1	1	1	0	1	1	0	0	0.2648202069924367	
0	0	0	0	0	0	0	1	1	1	0	1	1	0	1	0.2924708893484136	
0	0	0	0	0	0	0	1	1	1	0	1	1	1	0	0.29315933795179394	
0	0	0	0	0	0	0	1	1	1	0	1	1	1	1	0.27116868047100606	
0	0	0	0	0	0	0	1	1	1	1	1	1	0	0	0.3624164767281349	
0	0	0	0	0	0	0	1	1	1	1	1	1	1	0	0.3688656622320366	
0	0	0	0	0	0	1	0	0	1	0	1	1	0	0	0.0	
0	0	0	0	0	0	1	0	0	1	0	1	1	1	0	0.0	
0	0	0	0	0	0	1	0	1	1	0	1	1	0	0	0.13351199298326255	
0	0	0	0	0	0	1	0	1	1	0	1	1	1	0	0.06299551622283872	
0	0	0	0	0	1	0	0	0	1	0	0	1	0	0	0.0	
0	0	0	0	0	1	0	0	0	1	0	0	1	1	0	0.0	
0	0	0	0	0	1	0	0	0	1	0	1	0	0	0	0.0	
0	0	0	0	0	1	0	0	0	1	0	1	0	1	0	0.0	
0	0	0	0	0	1	0	0	0	1	0	1	1	0	0	0.003772763030044257	
0	0	0	0	0	1	0	0	0	1	0	1	1	0	1	0.0	
0	0	0	0	0	1	0	0	0	1	0	1	1	1	0	0.0	
0	0	0	0	0	1	0	0	0	1	0	1	1	1	1	0.0	
0	0	0	0	0	1	0	0	0	1	1	0	1	1	0	0.0	
0	0	0	0	0	1	0	0	0	1	1	1	1	0	0	0.250060492890791	
0	0	0	0	0	1	0	0	0	1	1	1	1	1	0	0.29203877852571747	
0	0	0	0	0	1	0	0	1	0	0	1	1	1	0	0.016780710329097448	
0	0	0	0	0	1	0	0	1	1	0	0	0	0	0	0.0	
0	0	0	0	0	1	0	0	1	1	0	0	0	1	0	0.0	
0	0	0	0	0	1	0	0	1	1	0	0	1	0	0	0.0	
0	0	0	0	0	1	0	0	1	1	0	0	1	1	0	0.0	
0	0	0	0	0	1	0	0	1	1	0	1	0	0	0	0.1316254637327896	
0	0	0	0	0	1	0	0	1	1	0	1	0	1	0	0.07991881400869916	
0	0	0	0	0	1	0	0	1	1	0	1	1	0	0	0.1591769267777997	
0	0	0	0	0	1	0	0	1	1	0	1	1	0	1	0.14770215056408875	
0	0	0	0	0	1	0	0	1	1	0	1	1	1	0	0.16029545038887916	
0	0	0	0	0	1	0	0	1	1	0	1	1	1	1	0.1390898644952402	
0	0	0	0	0	1	0	0	1	1	1	0	1	0	0	0.13371691696410537	
0	0	0	0	0	1	0	0	1	1	1	0	1	1	0	0.027660776659133024	
0	0	0	0	0	1	0	0	1	1	1	1	0	0	0	0.37514282060474174	
0	0	0	0	0	1	0	0	1	1	1	1	1	0	0	0.3268866152682274	
0	0	0	0	0	1	0	0	1	1	1	1	1	1	0	0.39529127745398407	
0	0	0	0	0	1	0	1	0	1	0	0	1	0	0	0.0	
0	0	0	0	0	1	0	1	0	1	0	0	1	1	0	0.0	
0	0	0	0	0	1	0	1	0	1	0	1	0	0	0	0.2530277080618001	
0	0	0	0	0	1	0	1	0	1	0	1	0	1	0	0.2103601622440502	
0	0	0	0	0	1	0	1	0	1	0	1	1	0	0	0.26142783115867607	
0	0	0	0	0	1	0	1	0	1	0	1	1	1	0	0.2883940455909648	
0	0	0	0	0	1	0	1	0	1	1	1	1	0	0	0.34385100815761127	
0	0	0	0	0	1	0	1	0	1	1	1	1	1	0	0.34516463572724915	
0	0	0	0	0	1	0	1	1	1	0	0	1	0	0	0.175334679022625	
0	0	0	0	0	1	0	1	1	1	0	0	1	1	0	0.03337283346041853	
0	0	0	0	0	1	0	1	1	1	0	1	0	0	0	0.3984496622905405	
0	0	0	0	0	1	0	1	1	1	0	1	0	1	0	0.35581120943952804	
0	0	0	0	0	1	0	1	1	1	0	1	1	0	0	0.3660251477897505	
0	0	0	0	0	1	0	1	1	1	0	1	1	0	1	0.33595983305980726	
0	0	0	0	0	1	0	1	1	1	0	1	1	1	0	0.3546806356389427	
0	0	0	0	0	1	0	1	1	1	0	1	1	1	1	0.3793706021871401	
0	0	0	0	0	1	0	1	1	1	1	1	1	0	0	0.2831810899410909	
0	0	0	0	0	1	0	1	1	1	1	1	1	1	0	0.27550894620095534	
0	0	0	0	0	1	1	0	1	1	0	1	1	0	0	0.3030227743271222	
0	0	0	0	0	1	1	0	1	1	0	1	1	1	0	0.27700604795576866	
0	0	0	0	1	0	0	0	1	1	0	1	1	0	0	0.0	
0	0	0	0	1	0	0	0	1	1	0	1	1	1	0	0.002542102962094006	
0	0	0	1	0	0	0	0	0	0	0	0	1	0	0	0.0	
0	0	0	1	0	0	0	0	0	0	0	0	1	1	0	0.0	
0	0	0	1	0	0	0	0	0	0	0	1	0	1	0	0.0	
0	0	0	1	0	0	0	0	0	0	0	1	1	0	0	0.0	
0	0	0	1	0	0	0	0	0	0	0	1	1	1	0	0.0	
0	0	0	1	0	0	0	0	0	0	1	1	1	0	0	0.1679749926736348	
0	0	0	1	0	0	0	0	0	1	0	0	0	0	0	0.0	
0	0	0	1	0	0	0	0	0	1	0	0	0	1	0	0.0	
0	0	0	1	0	0	0	0	0	1	0	0	0	1	1	0.0	
0	0	0	1	0	0	0	0	0	1	0	0	1	0	0	0.0	
0	0	0	1	0	0	0	0	0	1	0	0	1	0	1	0.0	
0	0	0	1	0	0	0	0	0	1	0	0	1	1	0	0.0	
0	0	0	1	0	0	0	0	0	1	0	0	1	1	1	0.0	
0	0	0	1	0	0	0	0	0	1	0	1	0	0	0	0.02792582007677924	
0	0	0	1	0	0	0	0	0	1	0	1	0	0	1	0.0	
0	0	0	1	0	0	0	0	0	1	0	1	0	1	0	0.0025190353880444327	
0	0	0	1	0	0	0	0	0	1	0	1	0	1	1	0.0	
0	0	0	1	0	0	0	0	0	1	0	1	1	0	0	0.0	
0	0	0	1	0	0	0	0	0	1	0	1	1	0	1	0.02497844598341481	
0	0	0	1	0	0	0	0	0	1	0	1	1	1	0	0.03389667520324868	
0	0	0	1	0	0	0	0	0	1	0	1	1	1	1	0.0	
0	0	0	1	0	0	0	0	0	1	1	0	0	0	0	0.011390946715234218	
0	0	0	1	0	0	0	0	0	1	1	0	0	1	0	0.0	
0	0	0	1	0	0	0	0	0	1	1	0	1	0	0	0.0	
0	0	0	1	0	0	0	0	0	1	1	0	1	0	1	0.0020729187017954898	
0	0	0	1	0	0	0	0	0	1	1	0	1	1	0	0.0	
0	0	0	1	0	0	0	0	0	1	1	0	1	1	1	0.0	
0	0	0	1	0	0	0	0	0	1	1	1	0	0	0	0.27068952992809614	
0	0	0	1	0	0	0	0	0	1	1	1	0	1	0	0.27569149198861354	
0	0	0	1	0	0	0	0	0	1	1	1	1	0	0	0.2662280759131083	
0	0	0	1	0	0	0	0	0	1	1	1	1	0	1	0.27096110552244945	
0	0	0	1	0	0	0	0	0	1	1	1	1	1	0	0.26591817711701626	
0	0	0	1	0	0	0	0	0	1	1	1	1	1	1	0.2683667423718772	
0	0	0	1	0	0	0	0	1	0	0	0	1	0	0	0.0	
0	0	0	1	0	0	0	0	1	0	0	0	1	1	0	0.0	
0	0	0	1	0	0	0	0	1	0	0	1	0	1	0	0.0359744047045214	
0	0	0	1	0	0	0	0	1	0	0	1	1	0	0	0.0	
0	0	0	1	0	0	0	0	1	0	0	1	1	1	0	0.026163667072262697	
0	0	0	1	0	0	0	0	1	0	0	1	1	1	1	0.008643521954341482	
0	0	0	1	0	0	0	0	1	0	1	1	1	1	0	0.2595721985178531	
0	0	0	1	0	0	0	0	1	1	0	0	0	0	0	0.0	
0	0	0	1	0	0	0	0	1	1	0	0	0	0	1	0.0	
0	0	0	1	0	0	0	0	1	1	0	0	0	1	0	0.0	
0	0	0	1	0	0	0	0	1	1	0	0	0	1	1	0.0	
0	0	0	1	0	0	0	0	1	1	0	0	1	0	0	0.0	
0	0	0	1	0	0	0	0	1	1	0	0	1	0	1	0.0	
0	0	0	1	0	0	0	0	1	1	0	0	1	1	0	0.0	
0	0	0	1	0	0	0	0	1	1	0	0	1	1	1	0.0	
0	0	0	1	0	0	0	0	1	1	0	1	0	0	0	0.11223877194227472	
0	0	0	1	0	0	0	0	1	1	0	1	0	0	1	0.17569812202515	
0	0	0	1	0	0	0	0	1	1	0	1	0	1	0	0.17584632421663104	
0	0	0	1	0	0	0	0	1	1	0	1	0	1	1	0.1490581215889918	
0	0	0	1	0	0	0	0	1	1	0	1	1	0	0	0.20618795961240255	
0	0	0	1	0	0	0	0	1	1	0	1	1	0	1	0.1775417672274303	
0	0	0	1	0	0	0	0	1	1	0	1	1	1	0	0.17829212950570805	
0	0	0	1	0	0	0	0	1	1	0	1	1	1	1	0.16879147351631762	
0	0	0	1	0	0	0	0	1	1	1	0	0	1	0	0.08151175277413192	
0	0	0	1	0	0	0	0	1	1	1	0	1	0	0	0.1716284935968031	
0	0	0	1	0	0	0	0	1	1	1	0	1	0	1	0.16895368782161235	
0	0	0	1	0	0	0	0	1	1	1	0	1	1	0	0.14722694916135137	
0	0	0	1	0	0	0	0	1	1	1	0	1	1	1	0.11361968709186188	
0	0	0	1	0	0	0	0	1	1	1	1	0	0	0	0.35106961007745524	
0	0	0	1	0	0	0	0	1	1	1	1	0	0	1	0.34829020119993653	
0	0	0	1	0	0	0	0	1	1	1	1	0	1	0	0.348115596326001	
0	0	0	1	0	0	0	0	1	1	1	1	0	1	1	0.40799653194611174	
0	0	0	1	0	0	0	0	1	1	1	1	1	0	0	0.40117395165647035	
0	0	0	1	0	0	0	0	1	1	1	1	1	0	1	0.3459880832870531	
0	0	0	1	0	0	0	0	1	1	1	1	1	1	0	0.35210724292831436	
0	0	0	1	0	0	0	0	1	1	1	1	1	1	1	0.32330123740008593	
0	0	0	1	0	0	0	1	0	0	0	1	1	0	0	0.15838081611015498	
0	0	0	1	0	0	0	1	0	0	0	1	1	1	0	0.17606075033326996	
0	0	0	1	0	0	0	1	0	1	0	0	0	0	0	0.0	
0	0	0	1	0	0	0	1	0	1	0	0	0	1	0	0.0	
0	0	0	1	0	0	0	1	0	1	0	0	1	0	0	0.00803200843691576	
0	0	0	1	0	0	0	1	0	1	0	0	1	1	0	0.0	
0	0	0	1	0	0	0	1	0	1	0	0	1	1	1	0.0	
0	0	0	1	0	0	0	1	0	1	0	1	0	0	0	0.27212895532669357	
0	0	0	1	0	0	0	1	0	1	0	1	0	0	1	0.26250342659504355	
0	0	0	1	0	0	0	1	0	1	0	1	0	1	0	0.2584046028541772	
0	0	0	1	0	0	0	1	0	1	0	1	0	1	1	0.29766219421391826	
0	0	0	1	0	0	0	1	0	1	0	1	1	0	0	0.25795698157566505	
0	0	0	1	0	0	0	1	0	1	0	1	1	0	1	0.2715167666251669	
0	0	0	1	0	0	0	1	0	1	0	1	1	1	0	0.2632357317775157	
0	0	0	1	0	0	0	1	0	1	0	1	1	1	1	0.25104331124583223	
0	0	0	1	0	0	0	1	0	1	1	0	1	0	0	0.2831830848064969	
0	0	0	1	0	0	0	1	0	1	1	0	1	1	0	0.2827623601395183	
0	0	0	1	0	0	0	1	0	1	1	1	0	0	0	0.3579908635471428	
0	0	0	1	0	0	0	1	0	1	1	1	0	1	0	0.35400860530221895	
0	0	0	1	0	0	0	1	0	1	1	1	1	0	0	0.3632065906950315	
0	0	0	1	0	0	0	1	0	1	1	1	1	0	1	0.3279156831942658	
0	0	0	1	0	0	0	1	0	1	1	1	1	1	0	0.3247251889030694	
0	0	0	1	0	0	0	1	0	1	1	1	1	1	1	0.39530944112103084	
0	0	0	1	0	0	0	1	1	0	0	1	1	0	0	0.3928117407117227	
0	0	0	1	0	0	0	1	1	0	0	1	1	1	0	0.27071940798833405	
0	0	0	1	0	0	0	1	1	1	0	0	0	0	0	0.15700925418487865	
0	0	0	1	0	0	0	1	1	1	0	0	0	1	0	0.1060874001368266	
0	0	0	1	0	0	0	1	1	1	0	0	1	0	0	0.15593374782194191	
0	0	0	1	0	0	0	1	1	1	0	0	1	0	1	0.1644820738616537	
0	0	0	1	0	0	0	1	1	1	0	0	1	1	0	0.15937313637250716	
0	0	0	1	0	0	0	1	1	1	0	0	1	1	1	0.08856022808267994	
0	0	0	1	0	0	0	1	1	1	0	1	0	0	0	0.34942180579301413	
0	0	0	1	0	0	0	1	1	1	0	1	0	0	1	0.27716172744612405	
0	0	0	1	0	0	0	1	1	1	0	1	0	1	0	0.3521988962572764	
0	0	0	1	0	0	0	1	1	1	0	1	0	1	1	0.3688347194806792	
0	0	0	1	0	0	0	1	1	1	0	1	1	0	0	0.395333190596685	
0	0	0	1	0	0	0	1	1	1	0	1	1	0	1	0.3464582567714433	
0	0	0	1	0	0	0	1	1	1	0	1	1	1	0	0.3531534861677828	
0	0	0	1	0	0	0	1	1	1	0	1	1	1	1	0.32859477831175293	
0	0	0	1	0	0	0	1	1	1	1	0	1	0	0	0.328828329086828	
0	0	0	1	0	0	0	1	1	1	1	0	1	1	0	0.3951304667189465	
0	0	0	1	0	0	0	1	1	1	1	1	0	0	0	0.28543248257965204	
0	0	0	1	0	0	0	1	1	1	1	1	0	1	0	0.2784339347640348	
0	0	0	1	0	0	0	1	1	1	1	1	1	0	0	0.28743318593031847	
0	0	0	1	0	0	0	1	1	1	1	1	1	0	1	0.2781438063102237	
0	0	0	1	0	0	0	1	1	1	1	1	1	1	0	0.284461640893635	
0	0	0	1	0	0	0	1	1	1	1	1	1	1	1	0.2930102126234723	
0	0	0	1	0	0	1	0	0	1	0	0	1	0	0	0.0	
0	0	0	1	0	0	1	0	0	1	0	0	1	1	0	0.0	
0	0	0	1	0	0	1	0	0	1	0	1	0	0	0	0.15350005493023855	
0	0	0	1	0	0	1	0	0	1	0	1	0	1	0	0.10533537402898496	
0	0	0	1	0	0	1	0	0	1	0	1	1	0	0	0.16249843418520138	
0	0	0	1	0	0	1	0	0	1	0	1	1	1	0	0.16878031057795384	
0	0	0	1	0	0	1	0	0	1	0	1	1	1	1	0.1221236743624804	
0	0	0	1	0	0	1	0	0	1	1	1	1	0	0	0.34351858929109363	
0	0	0	1	0	0	1	0	0	1	1	1	1	1	0	0.39488472082563886	
0	0	0	1	0	0	1	0	1	1	0	0	1	0	0	0.025894935030595367	
0	0	0	1	0	0	1	0	1	1	0	0	1	1	0	0.006542071236788183	
0	0	0	1	0	0	1	0	1	1	0	1	0	0	0	0.2424393569089065	
0	0	0	1	0	0	1	0	1	1	0	1	0	1	0	0.33428794077537505	
0	0	0	1	0	0	1	0	1	1	0	1	1	0	0	0.2706309851638774	
0	0	0	1	0	0	1	0	1	1	0	1	1	0	1	0.2848724861034902	
0	0	0	1	0	0	1	0	1	1	0	1	1	1	0	0.2635468426423585	
0	0	0	1	0	0	1	0	1	1	0	1	1	1	1	0.24324976843259793	
0	0	0	1	0	0	1	1	0	1	0	1	1	0	0	0.3748047299835874	
0	0	0	1	0	0	1	1	0	1	0	1	1	1	0	0.33294302172587537	
0	0	0	1	0	0	1	1	1	1	0	0	1	1	0	0.26079746334946885	
0	0	0	1	0	0	1	1	1	1	0	1	1	0	0	0.35872900538007024	
0	0	0	1	0	0	1	1	1	1	0	1	1	1	0	0.32102563700818976	
0	0	0	1	0	1	0	0	0	0	0	1	1	0	0	0.03266093094129152	
0	0	0	1	0	1	0	0	0	0	0	1	1	1	0	0.03478264658123098	
0	0	0	1	0	1	0	0	0	1	0	0	0	0	0	0.0	
0	0	0	1	0	1	0	0	0	1	0	0	0	1	0	0.0	
0	0	0	1	0	1	0	0	0	1	0	0	1	0	0	0.0	
0	0	0	1	0	1	0	0	0	1	0	0	1	0	1	0.0	
0	0	0	1	0	1	0	0	0	1	0	0	1	1	0	0.0	
0	0	0	1	0	1	0	0	0	1	0	0	1	1	1	0.0	
0	0	0	1	0	1	0	0	0	1	0	1	0	0	0	0.11486234010327157	
0	0	0	1	0	1	0	0	0	1	0	1	0	0	1	0.1651071688790886	
0	0	0	1	0	1	0	0	0	1	0	1	0	1	0	0.1613811929017741	
0	0	0	1	0	1	0	0	0	1	0	1	0	1	1	0.14546034489399196	
0	0	0	1	0	1	0	0	0	1	0	1	1	0	0	0.20512036136881717	
0	0	0	1	0	1	0	0	0	1	0	1	1	0	1	0.18476783480685677	
0	0	0	1	0	1	0	0	0	1	0	1	1	1	0	0.11848012593875712	
0	0	0	1	0	1	0	0	0	1	0	1	1	1	1	0.18344402586972175	
0	0	0	1	0	1	0	0	0	1	1	0	0	1	0	0.009633607075173689	
0	0	0	1	0	1	0	0	0	1	1	0	1	0	0	0.18194096573266294	
0	0	0	1	0	1	0	0	0	1	1	0	1	1	0	0.1496678186316167	
0	0	0	1	0	1	0	0	0	1	1	1	0	0	0	0.3602660391264851	
0	0	0	1	0	1	0	0	0	1	1	1	0	1	0	0.3385518183581423	
0	0	0	1	0	1	0	0	0	1	1	1	1	0	0	0.35421757411622856	
0	0	0	1	0	1	0	0	0	1	1	1	1	0	1	0.343021174704343	
0	0	0	1	0	1	0	0	0	1	1	1	1	1	0	0.3557681356139952	
0	0	0	1	0	1	0	0	0	1	1	1	1	1	1	0.346098255478662	
0	0	0	1	0	1	0	0	1	0	0	0	1	0	0	0.0	
0	0	0	1	0	1	0	0	1	0	0	0	1	1	0	0.0	
0	0	0	1	0	1	0	0	1	0	0	1	0	1	0	0.10792668057550059	
0	0	0	1	0	1	0	0	1	0	0	1	1	0	0	0.24774851780502827	
0	0	0	1	0	1	0	0	1	0	0	1	1	1	0	0.19256939329756273	
0	0	0	1	0	1	0	0	1	1	0	0	0	0	0	0.025983820559738136	
0	0	0	1	0	1	0	0	1	1	0	0	0	1	0	0.01719003236611205	
0	0	0	1	0	1	0	0	1	1	0	0	0	1	1	0.0	
0	0	0	1	0	1	0	0	1	1	0	0	1	0	0	0.014992420357924474	
0	0	0	1	0	1	0	0	1	1	0	0	1	0	1	0.03008361180335295	
0	0	0	1	0	1	0	0	1	1	0	0	1	1	0	0.024885214743653905	
0	0	0	1	0	1	0	0	1	1	0	0	1	1	1	0.0	
0	0	0	1	0	1	0	0	1	1	0	1	0	0	0	0.27475669412596365	
0	0	0	1	0	1	0	0	1	1	0	1	0	0	1	0.24801125521130862	
0	0	0	1	0	1	0	0	1	1	0	1	0	1	0	0.24767449555372445	
0	0	0	1	0	1	0	0	1	1	0	1	0	1	1	0.2612742816318978	
0	0	0	1	0	1	0	0	1	1	0	1	1	0	0	0.384912977231475	
0	0	0	1	0	1	0	0	1	1	0	1	1	0	1	0.27995091691632346	
0	0	0	1	0	1	0	0	1	1	0	1	1	1	0	0.27278829279213573	
0	0	0	1	0	1	0	0	1	1	0	1	1	1	1	0.27006322326395915	
0	0	0	1	0	1	0	0	1	1	1	0	1	0	0	0.25039131962859396	
0	0	0	1	0	1	0	0	1	1	1	0	1	0	1	0.24062281043207467	
0	0	0	1	0	1	0	0	1	1	1	0	1	1	0	0.2553632688474672	
0	0	0	1	0	1	0	0	1	1	1	0	1	1	1	0.3076578567429801	
0	0	0	1	0	1	0	0	1	1	1	1	0	0	0	0.3486457374268016	
0	0	0	1	0	1	0	0	1	1	1	1	0	1	0	0.33862251339770344	
0	0	0	1	0	1	0	0	1	1	1	1	1	0	0	0.37528581003297284	
0	0	0	1	0	1	0	0	1	1	1	1	1	0	1	0.39316103874963315	
0	0	0	1	0	1	0	0	1	1	1	1	1	1	0	0.3877567631482668	
0	0	0	1	0	1	0	0	1	1	1	1	1	1	1	0.27769040373102605	
0	0	0	1	0	1	0	1	0	0	0	1	1	0	0	0.41951010995994015	
0	0	0	1	0	1	0	1	0	0	0	1	1	1	0	0.30035814935860067	
0	0	0	1	0	1	0	1	0	1	0	0	0	0	0	0.13611995959909873	
0	0	0	1	0	1	0	1	0	1	0	0	0	1	0	0.06072377083870406	
0	0	0	1	0	1	0	1	0	1	0	0	1	0	0	0.17673602409065559	
0	0	0	1	0	1	0	1	0	1	0	0	1	1	0	0.1561050303609003	
0	0	0	1	0	1	0	1	0	1	0	0	1	1	1	0.08644334123710928	
0	0	0	1	0	1	0	1	0	1	0	1	0	0	0	0.36211635479541193	
0	0	0	1	0	1	0	1	0	1	0	1	0	1	0	0.3533243547187608	
0	0	0	1	0	1	0	1	0	1	0	1	1	0	0	0.40421360397114303	
0	0	0	1	0	1	0	1	0	1	0	1	1	0	1	0.3468034322315548	
0	0	0	1	0	1	0	1	0	1	0	1	1	1	0	0.36496965482809346	
0	0	0	1	0	1	0	1	0	1	0	1	1	1	1	0.3386594099638697	
0	0	0	1	0	1	0	1	0	1	1	0	1	0	0	0.335507609874166	
0	0	0	1	0	1	0	1	0	1	1	0	1	1	0	0.39052419587744	
0	0	0	1	0	1	0	1	0	1	1	1	0	0	0	0.27679988457654014	
0	0	0	1	0	1	0	1	0	1	1	1	0	1	0	0.25702213400697704	
0	0	0	1	0	1	0	1	0	1	1	1	1	0	0	0.28267335104690544	
0	0	0	1	0	1	0	1	0	1	1	1	1	1	0	0.29387986955353024	
0	0	0	1	0	1	0	1	0	1	1	1	1	1	1	0.28918421061829974	
0	0	0	1	0	1	0	1	1	0	0	1	1	0	0	0.38845490196078425	
0	0	0	1	0	1	0	1	1	0	0	1	1	1	0	0.427018562824394	
0	0	0	1	0	1	0	1	1	1	0	0	0	0	0	0.27418284660048864	
0	0	0	1	0	1	0	1	1	1	0	0	0	1	0	0.26913770729052666	
0	0	0	1	0	1	0	1	1	1	0	0	1	0	0	0.27656940906226607	
0	0	0	1	0	1	0	1	1	1	0	0	1	0	1	0.23817509459924313	
0	0	0	1	0	1	0	1	1	1	0	0	1	1	0	0.2650274038987852	
0	0	0	1	0	1	0	1	1	1	0	0	1	1	1	0.2488438641510632	
0	0	0	1	0	1	0	1	1	1	0	1	0	0	0	0.38667009495875126	
0	0	0	1	0	1	0	1	1	1	0	1	0	0	1	0.3351599925106974	
0	0	0	1	0	1	0	1	1	1	0	1	0	1	0	0.28613305154597823	
0	0	0	1	0	1	0	1	1	1	0	1	0	1	1	0.3503760079079436	
0	0	0	1	0	1	0	1	1	1	0	1	1	0	0	0.3750937046692849	
0	0	0	1	0	1	0	1	1	1	0	1	1	0	1	0.388775212658245	
0	0	0	1	0	1	0	1	1	1	0	1	1	1	0	0.38720571653114966	
0	0	0	1	0	1	0	1	1	1	0	1	1	1	1	0.290367909630983	
0	0	0	1	0	1	0	1	1	1	1	0	1	0	0	0.2774243701047158	
0	0	0	1	0	1	0	1	1	1	1	0	1	1	0	0.33992124483031705	
0	0	0	1	0	1	0	1	1	1	1	1	0	0	0	0.20699508443319928	
0	0	0	1	0	1	0	1	1	1	1	1	0	1	0	0.22299773242630386	
0	0	0	1	0	1	0	1	1	1	1	1	1	0	0	0.14770125306982632	
0	0	0	1	0	1	0	1	1	1	1	1	1	0	1	0.20509181847516794	
0	0	0	1	0	1	0	1	1	1	1	1	1	1	0	0.21538734938275927	
0	0	0	1	0	1	0	1	1	1	1	1	1	1	1	0.22856543325123715	
0	0	0	1	0	1	1	0	0	1	0	0	1	0	0	0.0015296350909306256	
0	0	0	1	0	1	1	0	0	1	0	0	1	1	0	0.01442412259021264	
0	0	0	1	0	1	1	0	0	1	0	1	0	1	0	0.2816111608004068	
0	0	0	1	0	1	1	0	0	1	0	1	1	0	0	0.2788188894693171	
0	0	0	1	0	1	1	0	0	1	0	1	1	1	0	0.25339378839507076	
0	0	0	1	0	1	1	0	0	1	1	1	1	0	0	0.2813930830974508	
0	0	0	1	0	1	1	0	0	1	1	1	1	1	0	0.34731957540176717	
0	0	0	1	0	1	1	0	1	1	0	0	1	0	0	0.14753398510406335	
0	0	0	1	0	1	1	0	1	1	0	0	1	1	0	0.13810547231402448	
0	0	0	1	0	1	1	0	1	1	0	1	0	0	0	0.3503545619662249	
0	0	0	1	0	1	1	0	1	1	0	1	0	1	0	0.31956672845227063	
0	0	0	1	0	1	1	0	1	1	0	1	1	0	0	0.36691932538116234	
0	0	0	1	0	1	1	0	1	1	0	1	1	1	0	0.3487303824050613	
0	0	0	1	0	1	1	0	1	1	0	1	1	1	1	0.3482719262201525	
0	0	0	1	0	1	1	0	1	1	1	1	1	0	0	0.290749031694593	
0	0	0	1	0	1	1	0	1	1	1	1	1	1	0	0.27277446550633194	
0	0	0	1	0	1	1	1	0	1	0	1	1	0	0	0.3573400172860847	
0	0	0	1	0	1	1	1	0	1	0	1	1	1	0	0.34766704499307555	
0	0	0	1	0	1	1	1	1	1	0	1	1	0	0	0.26289848688341494	
0	0	0	1	0	1	1	1	1	1	0	1	1	1	0	0.28919917815402374	
0	0	0	1	1	0	0	0	0	1	0	0	1	0	0	0.0	
0	0	0	1	1	0	0	0	0	1	0	0	1	1	0	0.0	
0	0	0	1	1	0	0	0	0	1	0	1	1	0	0	0.0	
0	0	0	1	1	0	0	0	0	1	0	1	1	1	0	0.0	
0	0	0	1	1	0	0	0	0	1	1	1	1	1	0	0.028845105733595	
0	0	0	1	1	0	0	0	1	1	0	0	1	0	0	0.0	
0	0	0	1	1	0	0	0	1	1	0	1	1	0	0	0.018176703961185425	
0	0	0	1	1	0	0	0	1	1	0	1	1	1	0	0.005429540675243816	
0	0	0	1	1	0	0	0	1	1	0	1	1	1	1	0.028351527526898623	
0	0	0	1	1	0	0	1	0	1	0	1	1	0	0	0.15728719358177579	
0	0	0	1	1	0	0	1	0	1	0	1	1	1	0	0.03142432009731522	
0	0	0	1	1	0	0	1	1	1	0	1	1	0	0	0.25607438876435895	
0	0	0	1	1	0	0	1	1	1	0	1	1	1	0	0.2904441081628202	
0	0	0	1	1	1	0	0	0	1	0	1	1	0	0	0.0	
0	0	0	1	1	1	0	0	0	1	0	1	1	1	0	0.0	
0	0	0	1	1	1	0	0	1	1	0	0	1	0	0	0.0	
0	0	0	1	1	1	0	0	1	1	0	0	1	1	0	0.0	
0	0	0	1	1	1	0	0	1	1	0	1	1	0	0	0.17688496118518426	
0	0	0	1	1	1	0	0	1	1	0	1	1	1	0	0.12826840077439772	
0	0	0	1	1	1	0	1	0	1	0	1	1	0	0	0.29561403508771933	
0	0	0	1	1	1	0	1	0	1	0	1	1	1	0	0.25878587412007503	
0	0	0	1	1	1	0	1	1	1	0	1	1	0	0	0.3326321501718434	
0	0	0	1	1	1	0	1	1	1	0	1	1	1	0	0.3398128091990908	
0	0	1	0	0	0	0	0	0	1	0	0	1	0	0	0.0	
0	0	1	0	0	0	0	0	0	1	0	0	1	1	0	0.0	
0	0	1	0	0	0	0	0	0	1	0	1	0	0	0	0.0008189556015641974	
0	0	1	0	0	0	0	0	0	1	0	1	0	1	0	0.0018588526176228637	
0	0	1	0	0	0	0	0	0	1	0	1	1	0	0	0.001234500960185514	
0	0	1	0	0	0	0	0	0	1	0	1	1	1	0	0.0	
0	0	1	0	0	0	0	0	0	1	0	1	1	1	1	0.006668139375346049	
0	0	1	0	0	0	0	0	0	1	1	1	1	0	0	0.27790780870524273	
0	0	1	0	0	0	0	0	0	1	1	1	1	1	0	0.26455890101263135	
0	0	1	0	0	0	0	0	1	1	0	0	0	1	0	0.0	
0	0	1	0	0	0	0	0	1	1	0	0	1	0	0	0.0	
0	0	1	0	0	0	0	0	1	1	0	0	1	1	0	0.0	
0	0	1	0	0	0	0	0	1	1	0	1	0	0	0	0.21207545170349185	
0	0	1	0	0	0	0	0	1	1	0	1	0	1	0	0.10754977212760852	
0	0	1	0	0	0	0	0	1	1	0	1	1	0	0	0.24906429022428922	
0	0	1	0	0	0	0	0	1	1	0	1	1	0	1	0.21556023748858688	
0	0	1	0	0	0	0	0	1	1	0	1	1	1	0	0.20024263771985784	
0	0	1	0	0	0	0	0	1	1	0	1	1	1	1	0.12181849452740035	
0	0	1	0	0	0	0	0	1	1	1	0	1	0	0	0.08235007438567699	
0	0	1	0	0	0	0	0	1	1	1	0	1	1	0	0.15960684194814634	
0	0	1	0	0	0	0	0	1	1	1	1	1	0	0	0.37600924789243	
0	0	1	0	0	0	0	0	1	1	1	1	1	1	0	0.35848857817515284	
0	0	1	0	0	0	0	1	0	1	0	0	1	0	0	0.01748831153459196	
0	0	1	0	0	0	0	1	0	1	0	0	1	1	0	0.005244246668235308	
0	0	1	0	0	0	0	1	0	1	0	1	0	1	0	0.2579844419194126	
0	0	1	0	0	0	0	1	0	1	0	1	1	0	0	0.32285476649485095	
0	0	1	0	0	0	0	1	0	1	1	1	1	0	0	0.390245004439625	
0	0	1	0	0	0	0	1	0	1	1	1	1	1	0	0.3346918224654203	
0	0	1	0	0	0	0	1	1	1	0	0	1	0	0	0.1874728003091185	
0	0	1	0	0	0	0	1	1	1	0	0	1	1	0	0.18290930360260305	
0	0	1	0	0	0	0	1	1	1	0	1	0	0	0	0.36156806156806154	
0	0	1	0	0	0	0	1	1	1	0	1	0	1	0	0.3780417015168403	
0	0	1	0	0	0	0	1	1	1	0	1	1	0	0	0.3665371705421301	
0	0	1	0	0	0	0	1	1	1	0	1	1	1	0	0.36418837022113854	
0	0	1	0	0	0	0	1	1	1	1	1	1	0	0	0.2844001826249868	
0	0	1	0	0	0	0	1	1	1	1	1	1	1	0	0.3076917085242611	
0	0	1	0	0	0	1	0	1	1	0	1	1	0	0	0.34268650652582394	
0	0	1	0	0	0	1	0	1	1	0	1	1	1	0	0.28693856311184834	
0	0	1	0	0	1	0	0	0	1	0	0	1	0	0	0.0	
0	0	1	0	0	1	0	0	0	1	0	1	0	0	0	0.17957861944581088	
0	0	1	0	0	1	0	0	0	1	0	1	0	1	0	0.16518435985313273	
0	0	1	0	0	1	0	0	0	1	0	1	1	1	0	0.20244194510580882	
0	0	1	0	0	1	0	0	0	1	1	1	1	0	0	0.4252634995739687	
0	0	1	0	0	1	0	0	0	1	1	1	1	1	0	0.3459358758141747	
0	0	1	0	0	1	0	0	1	1	0	0	1	0	0	0.0	
0	0	1	0	0	1	0	0	1	1	0	0	1	1	0	0.0	
0	0	1	0	0	1	0	0	1	1	0	1	0	0	0	0.3709427531179797	
0	0	1	0	0	1	0	0	1	1	0	1	0	1	0	0.25531392918799406	
0	0	1	0	0	1	0	0	1	1	0	1	1	0	0	0.3907363722934475	
0	0	1	0	0	1	0	0	1	1	0	1	1	0	1	0.3648567013035536	
0	0	1	0	0	1	0	0	1	1	0	1	1	1	0	0.3838915794347889	
0	0	1	0	0	1	0	0	1	1	0	1	1	1	1	0.2791167834075175	
0	0	1	0	0	1	0	0	1	1	1	1	1	0	0	0.3724166020815402	
0	0	1	0	0	1	0	0	1	1	1	1	1	1	0	0.4063634353104347	
0	0	1	0	0	1	0	1	0	1	0	1	1	0	0	0.3836849841046512	
0	0	1	0	0	1	0	1	0	1	0	1	1	1	0	0.3401880245314445	
0	0	1	0	0	1	0	1	1	1	0	0	1	0	0	0.2907084254523007	
0	0	1	0	0	1	0	1	1	1	0	0	1	1	0	0.24117371989712422	
0	0	1	0	0	1	0	1	1	1	0	1	0	1	0	0.33736103312745647	
0	0	1	0	0	1	0	1	1	1	0	1	1	0	0	0.3512462440084011	
0	0	1	0	0	1	0	1	1	1	0	1	1	1	0	0.37851129227939095	
0	0	1	0	0	1	0	1	1	1	1	1	1	0	0	0.12490224129709109	
0	0	1	0	0	1	0	1	1	1	1	1	1	1	0	0.20564111591508558	
0	0	1	1	0	0	0	0	0	0	0	1	1	0	0	0.17162686730050603	
0	0	1	1	0	0	0	0	0	0	0	1	1	1	0	0.15485711540824854	
0	0	1	1	0	0	0	0	0	1	0	0	0	0	0	0.0	
0	0	1	1	0	0	0	0	0	1	0	0	0	1	0	0.0	
0	0	1	1	0	0	0	0	0	1	0	0	1	0	0	0.0	
0	0	1	1	0	0	0	0	0	1	0	0	1	0	1	0.0	
0	0	1	1	0	0	0	0	0	1	0	0	1	1	0	0.0	
0	0	1	1	0	0	0	0	0	1	0	0	1	1	1	0.0	
0	0	1	1	0	0	0	0	0	1	0	1	0	0	0	0.27955702342426736	
0	0	1	1	0	0	0	0	0	1	0	1	0	1	0	0.21623234297300786	
0	0	1	1	0	0	0	0	0	1	0	1	0	1	1	0.20782993332012945	
0	0	1	1	0	0	0	0	0	1	0	1	1	0	0	0.26524540166518695	
0	0	1	1	0	0	0	0	0	1	0	1	1	0	1	0.2774666288910186	
0	0	1	1	0	0	0	0	0	1	0	1	1	1	0	0.27834050043012437	
0	0	1	1	0	0	0	0	0	1	0	1	1	1	1	0.2596974428662219	
0	0	1	1	0	0	0	0	0	1	1	0	1	0	0	0.23145501285347048	
0	0	1	1	0	0	0	0	0	1	1	0	1	1	0	0.17554293890332073	
0	0	1	1	0	0	0	0	0	1	1	1	0	0	0	0.3739002628899486	
0	0	1	1	0	0	0	0	0	1	1	1	0	1	0	0.39328592574028676	
0	0	1	1	0	0	0	0	0	1	1	1	1	0	0	0.34424835424697564	
0	0	1	1	0	0	0	0	0	1	1	1	1	0	1	0.3543507318152473	
0	0	1	1	0	0	0	0	0	1	1	1	1	1	0	0.36058278559005974	
0	0	1	1	0	0	0	0	0	1	1	1	1	1	1	0.3969576615042799	
0	0	1	1	0	0	0	0	1	0	0	0	1	0	0	0.0	
0	0	1	1	0	0	0	0	1	0	0	0	1	1	0	0.0	
0	0	1	1	0	0	0	0	1	0	0	1	1	0	0	0.24643246767069338	
0	0	1	1	0	0	0	0	1	0	0	1	1	1	0	0.26681255802587467	
0	0	1	1	0	0	0	0	1	0	1	1	1	1	0	0.3817681928706514	
0	0	1	1	0	0	0	0	1	1	0	0	0	0	0	0.036950134044880234	
0	0	1	1	0	0	0	0	1	1	0	0	0	1	0	0.01410656163038837	
0	0	1	1	0	0	0	0	1	1	0	0	1	0	0	0.1405551254101941	
0	0	1	1	0	0	0	0	1	1	0	0	1	0	1	0.011447631444377326	
0	0	1	1	0	0	0	0	1	1	0	0	1	1	0	0.029225767424355897	
0	0	1	1	0	0	0	0	1	1	0	0	1	1	1	0.0	
0	0	1	1	0	0	0	0	1	1	0	1	0	0	0	0.3832072013234176	
0	0	1	1	0	0	0	0	1	1	0	1	0	0	1	0.3893105417593887	
0	0	1	1	0	0	0	0	1	1	0	1	0	1	0	0.39088732892206574	
0	0	1	1	0	0	0	0	1	1	0	1	0	1	1	0.3127499740339685	
0	0	1	1	0	0	0	0	1	1	0	1	1	0	0	0.3597662622121841	
0	0	1	1	0	0	0	0	1	1	0	1	1	0	1	0.3490324377490198	
0	0	1	1	0	0	0	0	1	1	0	1	1	1	0	0.3494655493723126	
0	0	1	1	0	0	0	0	1	1	0	1	1	1	1	0.38433628252174373	
0	0	1	1	0	0	0	0	1	1	1	0	0	0	0	0.30365216868646644	
0	0	1	1	0	0	0	0	1	1	1	0	0	1	0	0.2643010858835143	
0	0	1	1	0	0	0	0	1	1	1	0	1	0	0	0.38545143216052746	
0	0	1	1	0	0	0	0	1	1	1	0	1	1	0	0.39145925299771456	
0	0	1	1	0	0	0	0	1	1	1	1	0	0	0	0.27518275354125804	
0	0	1	1	0	0	0	0	1	1	1	1	0	1	0	0.36869012698833226	
0	0	1	1	0	0	0	0	1	1	1	1	1	0	0	0.2561265343179705	
0	0	1	1	0	0	0	0	1	1	1	1	1	0	1	0.2953062589637577	
0	0	1	1	0	0	0	0	1	1	1	1	1	1	0	0.2799243861846179	
0	0	1	1	0	0	0	0	1	1	1	1	1	1	1	0.38691459871266715	
0	0	1	1	0	0	0	1	0	1	0	0	0	1	0	0.16007692155116315	
0	0	1	1	0	0	0	1	0	1	0	0	1	0	0	0.24955045029683098	
0	0	1	1	0	0	0	1	0	1	0	0	1	1	0	0.21221332575068386	
0	0	1	1	0	0	0	1	0	1	0	1	0	1	0	0.3903037312286596	
0	0	1	1	0	0	0	1	0	1	0	1	1	0	0	0.3360996395308654	
0	0	1	1	0	0	0	1	0	1	0	1	1	1	0	0.35838117705427897	
0	0	1	1	0	0	0	1	0	1	1	0	1	0	0	0.3659622768058678	
0	0	1	1	0	0	0	1	0	1	1	0	1	1	0	0.33149447052234177	
0	0	1	1	0	0	0	1	0	1	1	1	0	0	0	0.2989570840068832	
0	0	1	1	0	0	0	1	0	1	1	1	0	1	0	0.2850313858039595	
0	0	1	1	0	0	0	1	0	1	1	1	1	0	0	0.20037027162652268	
0	0	1	1	0	0	0	1	0	1	1	1	1	1	0	0.2869850999167005	
0	0	1	1	0	0	0	1	1	0	0	1	1	0	0	0.28272846818697805	
0	0	1	1	0	0	0	1	1	0	0	1	1	1	0	0.3456998184771186	
0	0	1	1	0	0	0	1	1	1	0	0	0	0	0	0.39364942787951124	
0	0	1	1	0	0	0	1	1	1	0	0	0	1	0	0.24291107836244652	
0	0	1	1	0	0	0	1	1	1	0	0	1	0	0	0.3862570143280735	
0	0	1	1	0	0	0	1	1	1	0	0	1	1	0	0.3907908589782424	
0	0	1	1	0	0	0	1	1	1	0	0	1	1	1	0.26816368369431354	
0	0	1	1	0	0	0	1	1	1	0	1	0	0	0	0.27770228665478464	
0	0	1	1	0	0	0	1	1	1	0	1	0	1	0	0.35852225139443306	
0	0	1	1	0	0	0	1	1	1	0	1	0	1	1	0.37415098215837794	
0	0	1	1	0	0	0	1	1	1	0	1	1	0	0	0.2546130493328145	
0	0	1	1	0	0	0	1	1	1	0	1	1	0	1	0.28739116175416635	
0	0	1	1	0	0	0	1	1	1	0	1	1	1	0	0.2838850348736917	
0	0	1	1	0	0	0	1	1	1	0	1	1	1	1	0.3625304052645751	
0	0	1	1	0	0	0	1	1	1	1	0	1	0	0	0.3318921665237275	
0	0	1	1	0	0	0	1	1	1	1	0	1	1	0	0.3908611349692287	
0	0	1	1	0	0	0	1	1	1	1	1	0	0	0	0.12038353437421125	
0	0	1	1	0	0	0	1	1	1	1	1	0	1	0	0.16058206349559107	
0	0	1	1	0	0	0	1	1	1	1	1	1	0	0	0.10381644706951386	
0	0	1	1	0	0	0	1	1	1	1	1	1	0	1	0.09657887035411179	
0	0	1	1	0	0	0	1	1	1	1	1	1	1	0	0.10026578891160287	
0	0	1	1	0	0	0	1	1	1	1	1	1	1	1	0.11358608621002757	
0	0	1	1	0	0	1	0	0	1	0	0	1	0	0	0.0060367166991990295	
0	0	1	1	0	0	1	0	0	1	0	0	1	1	0	0.0	
0	0	1	1	0	0	1	0	0	1	0	1	1	0	0	0.4088458685550953	
0	0	1	1	0	0	1	0	0	1	0	1	1	1	0	0.39134308698481013	
0	0	1	1	0	0	1	0	1	1	0	0	1	0	0	0.25671836841374474	
0	0	1	1	0	0	1	0	1	1	0	0	1	1	0	0.1600962876611346	
0	0	1	1	0	0	1	0	1	1	0	1	0	0	0	0.3686467169540496	
0	0	1	1	0	0	1	0	1	1	0	1	0	1	0	0.41812475567594243	
0	0	1	1	0	0	1	0	1	1	0	1	1	0	0	0.36154910742053864	
0	0	1	1	0	0	1	0	1	1	0	1	1	1	0	0.35443159466632157	
0	0	1	1	0	0	1	0	1	1	1	1	1	0	0	0.21082094161745868	
0	0	1	1	0	0	1	0	1	1	1	1	1	1	0	0.2802646841716756	
0	0	1	1	0	0	1	1	0	1	0	1	1	0	0	0.3445378151260504	
0	0	1	1	0	0	1	1	0	1	0	1	1	1	0	0.3946925954407414	
0	0	1	1	0	0	1	1	1	1	0	1	1	0	0	0.19866139600368224	
0	0	1	1	0	0	1	1	1	1	0	1	1	1	0	0.27999096657633243	
0	0	1	1	0	1	0	0	0	0	0	1	1	0	0	0.2413211191387068	
0	0	1	1	0	1	0	0	0	0	0	1	1	1	0	0.2721492319619514	
0	0	1	1	0	1	0	0	0	1	0	0	0	0	0	0.0	
0	0	1	1	0	1	0	0	0	1	0	0	0	1	0	0.004086012386878446	
0	0	1	1	0	1	0	0	0	1	0	0	1	0	0	0.1408649959945415	
0	0	1	1	0	1	0	0	0	1	0	0	1	1	0	0.01272090379837676	
0	0	1	1	0	1	0	0	0	1	0	0	1	1	1	0.0023089230172829156	
0	0	1	1	0	1	0	0	0	1	0	1	0	0	0	0.3795067249200325	
0	0	1	1	0	1	0	0	0	1	0	1	0	1	0	0.3866589244582177	
0	0	1	1	0	1	0	0	0	1	0	1	1	0	0	0.33303443232742136	
0	0	1	1	0	1	0	0	0	1	0	1	1	1	0	0.3850442992356429	
0	0	1	1	0	1	0	0	0	1	0	1	1	1	1	0.4063010537104695	
0	0	1	1	0	1	0	0	0	1	1	0	1	0	0	0.3942339010108042	
0	0	1	1	0	1	0	0	0	1	1	0	1	1	0	0.30618037936646647	
0	0	1	1	0	1	0	0	0	1	1	1	0	0	0	0.35193954439571734	
0	0	1	1	0	1	0	0	0	1	1	1	0	1	0	0.3634684303196313	
0	0	1	1	0	1	0	0	0	1	1	1	1	0	0	0.2732878428704806	
0	0	1	1	0	1	0	0	0	1	1	1	1	0	1	0.28084256564607213	
0	0	1	1	0	1	0	0	0	1	1	1	1	1	0	0.27945931626971854	
0	0	1	1	0	1	0	0	0	1	1	1	1	1	1	0.3746199395602744	
0	0	1	1	0	1	0	0	1	0	0	1	1	0	0	0.3900025881442494	
0	0	1	1	0	1	0	0	1	0	0	1	1	1	0	0.33066072034821553	
0	0	1	1	0	1	0	0	1	1	0	0	0	0	0	0.2617900312266932	
0	0	1	1	0	1	0	0	1	1	0	0	0	1	0	0.21060028606175807	
0	0	1	1	0	1	0	0	1	1	0	0	1	0	0	0.2734228990855244	
0	0	1	1	0	1	0	0	1	1	0	0	1	0	1	0.28967359954724037	
0	0	1	1	0	1	0	0	1	1	0	0	1	1	0	0.2649934847707457	
0	0	1	1	0	1	0	0	1	1	0	0	1	1	1	0.22251789998500526	
0	0	1	1	0	1	0	0	1	1	0	1	0	0	0	0.3243065608668795	
0	0	1	1	0	1	0	0	1	1	0	1	0	0	1	0.3778572526515345	
0	0	1	1	0	1	0	0	1	1	0	1	0	1	0	0.36446444641254405	
0	0	1	1	0	1	0	0	1	1	0	1	0	1	1	0.36540442247178245	
0	0	1	1	0	1	0	0	1	1	0	1	1	0	0	0.3529534635046354	
0	0	1	1	0	1	0	0	1	1	0	1	1	0	1	0.3470699674131955	
0	0	1	1	0	1	0	0	1	1	0	1	1	1	0	0.3290841465737769	
0	0	1	1	0	1	0	0	1	1	0	1	1	1	1	0.3703231992450521	
0	0	1	1	0	1	0	0	1	1	1	0	1	0	0	0.36517876772002966	
0	0	1	1	0	1	0	0	1	1	1	0	1	1	0	0.36693659712868565	
0	0	1	1	0	1	0	0	1	1	1	1	0	0	0	0.20662940057748264	
0	0	1	1	0	1	0	0	1	1	1	1	0	1	0	0.28878850287879015	
0	0	1	1	0	1	0	0	1	1	1	1	1	0	0	0.21339499361656483	
0	0	1	1	0	1	0	0	1	1	1	1	1	0	1	0.1606631769529512	
0	0	1	1	0	1	0	0	1	1	1	1	1	1	0	0.1876337198296754	
0	0	1	1	0	1	0	0	1	1	1	1	1	1	1	0.22980911185394481	
0	0	1	1	0	1	0	1	0	1	0	0	1	0	0	0.4074571648738909	
0	0	1	1	0	1	0	1	0	1	0	1	0	0	0	0.27431132868703856	
0	0	1	1	0	1	0	1	0	1	0	1	0	1	0	0.3685021280226328	
0	0	1	1	0	1	0	1	0	1	0	1	1	0	0	0.28020908677483447	
0	0	1	1	0	1	0	1	0	1	0	1	1	1	0	0.2884118176057173	
0	0	1	1	0	1	0	1	0	1	1	0	1	0	0	0.3578452647581029	
0	0	1	1	0	1	0	1	0	1	1	0	1	1	0	0.37610464918598285	
0	0	1	1	0	1	0	1	0	1	1	1	1	0	0	0.1013633669235329	
0	0	1	1	0	1	0	1	0	1	1	1	1	1	0	0.10494495893762013	
0	0	1	1	0	1	0	1	1	0	0	1	1	1	0	0.2626385636221702	
0	0	1	1	0	1	0	1	1	1	0	0	0	0	0	0.39424578544828415	
0	0	1	1	0	1	0	1	1	1	0	0	0	1	0	0.3652801160705731	
0	0	1	1	0	1	0	1	1	1	0	0	1	0	0	0.3387960564241243	
0	0	1	1	0	1	0	1	1	1	0	0	1	1	0	0.3876122226089065	
0	0	1	1	0	1	0	1	1	1	0	0	1	1	1	0.391492164991919	
0	0	1	1	0	1	0	1	1	1	0	1	0	0	0	0.1897329322532463	
0	0	1	1	0	1	0	1	1	1	0	1	0	1	0	0.252499524814946	
0	0	1	1	0	1	0	1	1	1	0	1	1	0	0	0.21879161307428732	
0	0	1	1	0	1	0	1	1	1	0	1	1	1	0	0.19259497262002284	
0	0	1	1	0	1	0	1	1	1	0	1	1	1	1	0.2427848511707103	
0	0	1	1	0	1	0	1	1	1	1	0	1	0	0	0.2537037037037037	
0	0	1	1	0	1	0	1	1	1	1	0	1	1	0	0.2466807821646531	
0	0	1	1	0	1	0	1	1	1	1	1	0	0	0	0.051319648093841645	
0	0	1	1	0	1	0	1	1	1	1	1	0	1	0	0.03836930455635491	
0	0	1	1	0	1	0	1	1	1	1	1	1	0	0	0.042705903463125784	
0	0	1	1	0	1	0	1	1	1	1	1	1	1	0	0.04341670599339311	
0	0	1	1	0	1	1	0	0	1	0	1	1	0	0	0.34707408051966027	
0	0	1	1	0	1	1	0	0	1	0	1	1	1	0	0.37539229394857454	
0	0	1	1	0	1	1	0	1	1	0	0	1	0	0	0.4220268964107139	
0	0	1	1	0	1	1	0	1	1	0	0	1	1	0	0.37059264579867934	
0	0	1	1	0	1	1	0	1	1	0	1	1	0	0	0.28366694395341585	
0	0	1	1	0	1	1	0	1	1	0	1	1	1	0	0.2911929916543948	
0	0	1	1	0	1	1	1	0	1	0	1	1	1	0	0.2957369369511469	
0	0	1	1	0	1	1	1	1	1	0	1	1	0	0	0.10146443514644352	
0	0	1	1	0	1	1	1	1	1	0	1	1	1	0	0.11749118512632323	
0	0	1	1	1	0	0	0	0	1	0	1	1	0	0	0.0	
0	0	1	1	1	0	0	0	0	1	0	1	1	1	0	0.010663759892552416	
0	0	1	1	1	0	0	0	1	1	0	0	1	0	0	0.0	
0	0	1	1	1	0	0	0	1	1	0	0	1	1	0	0.0	
0	0	1	1	1	0	0	0	1	1	0	1	1	0	0	0.26336342765113063	
0	0	1	1	1	0	0	0	1	1	0	1	1	1	0	0.2103733457088448	
0	0	1	1	1	0	0	1	0	1	0	1	1	1	0	0.22219972498987628	
0	0	1	1	1	0	0	1	1	1	0	1	1	0	0	0.3753668926465623	
0	0	1	1	1	0	0	1	1	1	0	1	1	1	0	0.35636661052728447	
0	0	1	1	1	1	0	0	0	1	0	1	1	0	0	0.20217775762848245	
0	0	1	1	1	1	0	0	0	1	0	1	1	1	0	0.18769736265021486	
0	0	1	1	1	1	0	0	1	1	0	1	1	0	0	0.3788725285435812	
0	0	1	1	1	1	0	0	1	1	0	1	1	1	0	0.358705121598076	
0	0	1	1	1	1	0	1	1	1	0	1	1	1	0	0.37544769331618544	
0	1	0	0	0	0	0	0	0	1	0	0	0	0	0	0.0	
0	1	0	0	0	0	0	0	0	1	0	0	0	1	0	0.0	
0	1	0	0	0	0	0	0	0	1	0	0	1	0	0	0.0	
0	1	0	0	0	0	0	0	0	1	0	0	1	1	0	0.0	
0	1	0	0	0	0	0	0	0	1	0	1	0	0	0	0.16339462284819606	
0	1	0	0	0	0	0	0	0	1	0	1	0	1	0	0.12008894211388943	
0	1	0	0	0	0	0	0	0	1	0	1	1	0	0	0.17270653606472974	
0	1	0	0	0	0	0	0	0	1	0	1	1	0	1	0.15848051787208461	
0	1	0	0	0	0	0	0	0	1	0	1	1	1	0	0.1499637931277995	
0	1	0	0	0	0	0	0	0	1	1	0	1	0	0	0.12797876107144202	
0	1	0	0	0	0	0	0	0	1	1	0	1	1	0	0.0	
0	1	0	0	0	0	0	0	0	1	1	1	1	0	0	0.33000953535032485	
0	1	0	0	0	0	0	0	0	1	1	1	1	1	0	0.39403394251467083	
0	1	0	0	0	0	0	0	1	0	0	1	1	0	0	0.19431841379174108	
0	1	0	0	0	0	0	0	1	0	0	1	1	1	0	0.18268517499318015	
0	1	0	0	0	0	0	0	1	1	0	0	0	0	0	0.0	
0	1	0	0	0	0	0	0	1	1	0	0	0	1	0	0.0	
0	1	0	0	0	0	0	0	1	1	0	0	1	0	0	0.0	
0	1	0	0	0	0	0	0	1	1	0	0	1	1	0	0.0	
0	1	0	0	0	0	0	0	1	1	0	0	1	1	1	0.0	
0	1	0	0	0	0	0	0	1	1	0	1	0	0	0	0.2700034944631986	
0	1	0	0	0	0	0	0	1	1	0	1	0	1	0	0.27403016485185117	
0	1	0	0	0	0	0	0	1	1	0	1	1	0	0	0.2667768207372484	
0	1	0	0	0	0	0	0	1	1	0	1	1	0	1	0.26303523627251246	
0	1	0	0	0	0	0	0	1	1	0	1	1	1	0	0.2667937501349994	
0	1	0	0	0	0	0	0	1	1	0	1	1	1	1	0.2517398566019057	
0	1	0	0	0	0	0	0	1	1	1	0	1	0	0	0.24683872081481162	
0	1	0	0	0	0	0	0	1	1	1	0	1	1	0	0.23788023426816995	
0	1	0	0	0	0	0	0	1	1	1	1	0	0	0	0.3435213879365472	
0	1	0	0	0	0	0	0	1	1	1	1	0	1	0	0.38180525077244576	
0	1	0	0	0	0	0	0	1	1	1	1	1	0	0	0.35497200872163237	
0	1	0	0	0	0	0	0	1	1	1	1	1	1	0	0.34175868365538176	
0	1	0	0	0	0	0	0	1	1	1	1	1	1	1	0.37207222870768236	
0	1	0	0	0	0	0	1	0	1	0	1	0	0	0	0.376519341228127	
0	1	0	0	0	0	0	1	0	1	0	1	0	1	0	0.39648008763998244	
0	1	0	0	0	0	0	1	0	1	0	1	1	0	0	0.32975440474563056	
0	1	0	0	0	0	0	1	0	1	0	1	1	1	0	0.39053713709296495	
0	1	0	0	0	0	0	1	0	1	1	1	1	0	0	0.2702256355590012	
0	1	0	0	0	0	0	1	0	1	1	1	1	1	0	0.28721628523683607	
0	1	0	0	0	0	0	1	1	1	0	0	1	0	0	0.28111582316825057	
0	1	0	0	0	0	0	1	1	1	0	0	1	1	0	0.254898346793087	
0	1	0	0	0	0	0	1	1	1	0	1	0	0	0	0.323627874575369	
0	1	0	0	0	0	0	1	1	1	0	1	0	1	0	0.35648508720192007	
0	1	0	0	0	0	0	1	1	1	0	1	1	0	0	0.36141053008522883	
0	1	0	0	0	0	0	1	1	1	0	1	1	0	1	0.30428196139853647	
0	1	0	0	0	0	0	1	1	1	0	1	1	1	0	0.3287736800771194	
0	1	0	0	0	0	0	1	1	1	0	1	1	1	1	0.33220981456817944	
0	1	0	0	0	0	0	1	1	1	1	1	1	0	0	0.19958683382687936	
0	1	0	0	0	0	0	1	1	1	1	1	1	1	0	0.1846740829561944	
0	1	0	0	0	0	1	0	0	1	0	1	1	0	0	0.24900264325828902	
0	1	0	0	0	0	1	0	0	1	0	1	1	1	0	0.29225233210923973	
0	1	0	0	0	0	1	0	1	1	0	1	1	0	0	0.3137954540613084	
0	1	0	0	0	0	1	0	1	1	0	1	1	1	0	0.3871957858803449	
0	1	0	0	0	1	0	0	0	1	0	0	1	1	0	0.0	
0	1	0	0	0	1	0	0	0	1	0	1	0	0	0	0.26249297591224374	
0	1	0	0	0	1	0	0	0	1	0	1	0	1	0	0.28031912029117834	
0	1	0	0	0	1	0	0	0	1	0	1	1	0	0	0.27647457791609653	
0	1	0	0	0	1	0	0	0	1	0	1	1	0	1	0.26326451457831057	
0	1	0	0	0	1	0	0	0	1	0	1	1	1	0	0.2782872837272331	
0	1	0	0	0	1	0	0	0	1	1	1	1	0	0	0.30250169735878085	
0	1	0	0	0	1	0	0	0	1	1	1	1	1	0	0.35410427655962384	
0	1	0	0	0	1	0	0	1	1	0	0	0	0	0	0.19538996596122538	
0	1	0	0	0	1	0	0	1	1	0	0	0	1	0	0.04424855380607595	
0	1	0	0	0	1	0	0	1	1	0	0	1	0	0	0.16443198499046685	
0	1	0	0	0	1	0	0	1	1	0	0	1	1	0	0.14940268292896586	
0	1	0	0	0	1	0	0	1	1	0	1	0	0	0	0.36370596726862453	
0	1	0	0	0	1	0	0	1	1	0	1	0	1	0	0.3532414963314352	
0	1	0	0	0	1	0	0	1	1	0	1	1	0	0	0.34340654234196827	
0	1	0	0	0	1	0	0	1	1	0	1	1	0	1	0.3736410468278493	
0	1	0	0	0	1	0	0	1	1	0	1	1	1	0	0.35658044892222857	
0	1	0	0	0	1	0	0	1	1	0	1	1	1	1	0.34368183199604907	
0	1	0	0	0	1	0	0	1	1	1	0	1	0	0	0.3417390735373903	
0	1	0	0	0	1	0	0	1	1	1	0	1	1	0	0.42350229284680835	
0	1	0	0	0	1	0	0	1	1	1	1	0	1	0	0.3025863025863026	
0	1	0	0	0	1	0	0	1	1	1	1	1	0	0	0.3071139194952861	
0	1	0	0	0	1	0	0	1	1	1	1	1	1	0	0.2514307938314446	
0	1	0	0	0	1	0	1	0	1	0	1	1	0	0	0.3044041883875089	
0	1	0	0	0	1	0	1	0	1	1	1	1	0	0	0.22607217480610545	
0	1	0	0	0	1	0	1	0	1	1	1	1	1	0	0.1945435016111708	
0	1	0	0	0	1	0	1	1	1	0	0	1	0	0	0.3478277105605702	
0	1	0	0	0	1	0	1	1	1	0	0	1	1	0	0.3721817303396469	
0	1	0	0	0	1	0	1	1	1	0	1	0	0	0	0.2668927600451755	
0	1	0	0	0	1	0	1	1	1	0	1	0	1	0	0.2501700251889169	
0	1	0	0	0	1	0	1	1	1	0	1	1	0	0	0.2915502059392002	
0	1	0	0	0	1	0	1	1	1	0	1	1	0	1	0.2520036354622821	
0	1	0	0	0	1	0	1	1	1	0	1	1	1	0	0.2477694328917248	
0	1	0	0	0	1	0	1	1	1	0	1	1	1	1	0.2848338211543102	
0	1	0	0	0	1	0	1	1	1	1	1	1	0	0	0.1078838174273859	
0	1	0	0	0	1	0	1	1	1	1	1	1	1	0	0.11814946619217082	
0	1	0	0	0	1	1	0	1	1	0	1	1	0	0	0.3255341745720303	
0	1	0	0	0	1	1	0	1	1	0	1	1	1	0	0.364166364932306	
0	1	0	0	1	0	0	0	1	1	0	1	1	0	0	0.0898193050687408	
0	1	0	0	1	0	0	0	1	1	0	1	1	1	0	0.0	
0	1	0	1	0	0	0	0	0	0	0	0	1	0	0	0.0	
0	1	0	1	0	0	0	0	0	0	0	0	1	1	0	0.0	
0	1	0	1	0	0	0	0	0	0	0	1	1	0	0	0.25463294588752516	
0	1	0	1	0	0	0	0	0	0	0	1	1	1	0	0.21897193674531135	
0	1	0	1	0	0	0	0	0	0	1	1	1	1	0	0.3759735675043576	
0	1	0	1	0	0	0	0	0	1	0	0	0	0	0	0.0	
0	1	0	1	0	0	0	0	0	1	0	0	0	1	0	0.0	
0	1	0	1	0	0	0	0	0	1	0	0	1	0	0	0.0	
0	1	0	1	0	0	0	0	0	1	0	0	1	1	0	0.018988029246709504	
0	1	0	1	0	0	0	0	0	1	0	1	0	0	0	0.2624312411477094	
0	1	0	1	0	0	0	0	0	1	0	1	0	0	1	0.2702897552861586	
0	1	0	1	0	0	0	0	0	1	0	1	0	1	0	0.2618764818512759	
0	1	0	1	0	0	0	0	0	1	0	1	0	1	1	0.2638404540245032	
0	1	0	1	0	0	0	0	0	1	0	1	1	0	0	0.383992631193629	
0	1	0	1	0	0	0	0	0	1	0	1	1	0	1	0.27013503218572826	
0	1	0	1	0	0	0	0	0	1	0	1	1	1	0	0.2719593416119772	
0	1	0	1	0	0	0	0	0	1	0	1	1	1	1	0.24875303761103207	
0	1	0	1	0	0	0	0	0	1	1	0	0	0	0	0.2813107966701211	
0	1	0	1	0	0	0	0	0	1	1	0	0	1	0	0.22202112883538871	
0	1	0	1	0	0	0	0	0	1	1	0	1	0	0	0.23981658381642534	
0	1	0	1	0	0	0	0	0	1	1	0	1	1	0	0.2739794327098569	
0	1	0	1	0	0	0	0	0	1	1	0	1	1	1	0.2619462742940415	
0	1	0	1	0	0	0	0	0	1	1	1	0	0	0	0.3650483014146595	
0	1	0	1	0	0	0	0	0	1	1	1	0	1	0	0.322533037065909	
0	1	0	1	0	0	0	0	0	1	1	1	1	0	0	0.3770771409015948	
0	1	0	1	0	0	0	0	0	1	1	1	1	0	1	0.36349275238293166	
0	1	0	1	0	0	0	0	0	1	1	1	1	1	0	0.34991963650619917	
0	1	0	1	0	0	0	0	0	1	1	1	1	1	1	0.3341751242727782	
0	1	0	1	0	0	0	0	1	0	0	0	1	0	0	0.031518532351520134	
0	1	0	1	0	0	0	0	1	0	0	0	1	1	0	0.016793225783497512	
0	1	0	1	0	0	0	0	1	0	0	1	0	0	0	0.38907195009469897	
0	1	0	1	0	0	0	0	1	0	0	1	0	1	0	0.28640906062624916	
0	1	0	1	0	0	0	0	1	0	0	1	1	0	0	0.3884389405635416	
0	1	0	1	0	0	0	0	1	0	0	1	1	1	0	0.3732583589161759	
0	1	0	1	0	0	0	0	1	0	1	1	1	0	0	0.39362943911366116	
0	1	0	1	0	0	0	0	1	0	1	1	1	1	0	0.37418328651004307	
0	1	0	1	0	0	0	0	1	1	0	0	0	0	0	0.1519712795388395	
0	1	0	1	0	0	0	0	1	1	0	0	0	0	1	0.1808812370730274	
0	1	0	1	0	0	0	0	1	1	0	0	0	1	0	0.1592007585734605	
0	1	0	1	0	0	0	0	1	1	0	0	0	1	1	0.08715105290447756	
0	1	0	1	0	0	0	0	1	1	0	0	1	0	0	0.2060029995470628	
0	1	0	1	0	0	0	0	1	1	0	0	1	0	1	0.11039029857471327	
0	1	0	1	0	0	0	0	1	1	0	0	1	1	0	0.11799993700095757	
0	1	0	1	0	0	0	0	1	1	0	0	1	1	1	0.17530211192321943	
0	1	0	1	0	0	0	0	1	1	0	1	0	0	0	0.39863946674087325	
0	1	0	1	0	0	0	0	1	1	0	1	0	0	1	0.3664383561643835	
0	1	0	1	0	0	0	0	1	1	0	1	0	1	0	0.355835240461516	
0	1	0	1	0	0	0	0	1	1	0	1	0	1	1	0.3266100095707604	
0	1	0	1	0	0	0	0	1	1	0	1	1	0	0	0.360616214187016	
0	1	0	1	0	0	0	0	1	1	0	1	1	0	1	0.4278353537377427	
0	1	0	1	0	0	0	0	1	1	0	1	1	1	0	0.39852678932666863	
0	1	0	1	0	0	0	0	1	1	0	1	1	1	1	0.33860124475125225	
0	1	0	1	0	0	0	0	1	1	1	0	0	0	0	0.3469904283581292	
0	1	0	1	0	0	0	0	1	1	1	0	0	1	0	0.382722621110836	
0	1	0	1	0	0	0	0	1	1	1	0	1	0	0	0.3485199470615352	
0	1	0	1	0	0	0	0	1	1	1	0	1	0	1	0.33976847122914533	
0	1	0	1	0	0	0	0	1	1	1	0	1	1	0	0.36369721117593445	
0	1	0	1	0	0	0	0	1	1	1	0	1	1	1	0.3142910013746431	
0	1	0	1	0	0	0	0	1	1	1	1	0	0	0	0.28215169366014414	
0	1	0	1	0	0	0	0	1	1	1	1	0	1	0	0.28451740294113625	
0	1	0	1	0	0	0	0	1	1	1	1	0	1	1	0.2896047257164245	
0	1	0	1	0	0	0	0	1	1	1	1	1	0	0	0.2850032198342636	
0	1	0	1	0	0	0	0	1	1	1	1	1	0	1	0.2819782332868367	
0	1	0	1	0	0	0	0	1	1	1	1	1	1	0	0.2813027615615493	
0	1	0	1	0	0	0	0	1	1	1	1	1	1	1	0.2935911799211939	
0	1	0	1	0	0	0	1	0	0	0	1	1	1	0	0.34034955148205925	
0	1	0	1	0	0	0	1	0	1	0	0	0	0	0	0.2725801672858217	
0	1	0	1	0	0	0	1	0	1	0	0	0	1	0	0.25746856568799015	
0	1	0	1	0	0	0	1	0	1	0	0	1	1	0	0.27133985683608874	
0	1	0	1	0	0	0	1	0	1	0	1	0	0	0	0.3669367707146733	
0	1	0	1	0	0	0	1	0	1	0	1	0	1	0	0.34461315199248543	
0	1	0	1	0	0	0	1	0	1	0	1	0	1	1	0.36296373613264943	
0	1	0	1	0	0	0	1	0	1	0	1	1	0	0	0.3718789010294733	
0	1	0	1	0	0	0	1	0	1	0	1	1	1	0	0.38835336951621013	
0	1	0	1	0	0	0	1	0	1	0	1	1	1	1	0.3032918288175111	
0	1	0	1	0	0	0	1	0	1	1	0	1	0	0	0.2750839519264758	
0	1	0	1	0	0	0	1	0	1	1	0	1	1	0	0.31386931266179585	
0	1	0	1	0	0	0	1	0	1	1	1	0	0	0	0.22075018477457503	
0	1	0	1	0	0	0	1	0	1	1	1	0	1	0	0.19426946970226083	
0	1	0	1	0	0	0	1	0	1	1	1	1	0	0	0.15239292752498468	
0	1	0	1	0	0	0	1	0	1	1	1	1	0	1	0.20959669229653272	
0	1	0	1	0	0	0	1	0	1	1	1	1	1	0	0.22118070743476073	
0	1	0	1	0	0	0	1	0	1	1	1	1	1	1	0.22959992351700995	
0	1	0	1	0	0	0	1	1	0	0	1	1	0	0	0.3719394739585143	
0	1	0	1	0	0	0	1	1	0	0	1	1	1	0	0.36029438013283643	
0	1	0	1	0	0	0	1	1	1	0	0	0	0	0	0.35048483898080557	
0	1	0	1	0	0	0	1	1	1	0	0	0	1	0	0.3975831467055688	
0	1	0	1	0	0	0	1	1	1	0	0	1	0	0	0.345187052160237	
0	1	0	1	0	0	0	1	1	1	0	0	1	0	1	0.3713198064733901	
0	1	0	1	0	0	0	1	1	1	0	0	1	1	0	0.36022153129993245	
0	1	0	1	0	0	0	1	1	1	0	0	1	1	1	0.3520598394158558	
0	1	0	1	0	0	0	1	1	1	0	1	0	0	0	0.2881668893423179	
0	1	0	1	0	0	0	1	1	1	0	1	0	0	1	0.28758571416839807	
0	1	0	1	0	0	0	1	1	1	0	1	0	1	0	0.2787088872251432	
0	1	0	1	0	0	0	1	1	1	0	1	0	1	1	0.2759111424189167	
0	1	0	1	0	0	0	1	1	1	0	1	1	0	0	0.2777791492919609	
0	1	0	1	0	0	0	1	1	1	0	1	1	0	1	0.2828206155648479	
0	1	0	1	0	0	0	1	1	1	0	1	1	1	0	0.2865067011931286	
0	1	0	1	0	0	0	1	1	1	0	1	1	1	1	0.29559259089103324	
0	1	0	1	0	0	0	1	1	1	1	0	1	0	0	0.3059813753012	
0	1	0	1	0	0	0	1	1	1	1	0	1	1	0	0.26606191655986017	
0	1	0	1	0	0	0	1	1	1	1	1	0	0	0	0.1079065141720537	
0	1	0	1	0	0	0	1	1	1	1	1	0	1	0	0.10067969413763807	
0	1	0	1	0	0	0	1	1	1	1	1	1	0	0	0.06268754076973256	
0	1	0	1	0	0	0	1	1	1	1	1	1	0	1	0.07676630434782608	
0	1	0	1	0	0	0	1	1	1	1	1	1	1	0	0.08040312309651697	
0	1	0	1	0	0	0	1	1	1	1	1	1	1	1	0.11514778325123153	
0	1	0	1	0	0	1	0	0	1	0	0	1	0	0	0.1815065301224471	
0	1	0	1	0	0	1	0	0	1	0	0	1	1	0	0.14507746263438515	
0	1	0	1	0	0	1	0	0	1	0	1	0	0	0	0.35664508758568164	
0	1	0	1	0	0	1	0	0	1	0	1	0	1	0	0.30810210876803545	
0	1	0	1	0	0	1	0	0	1	0	1	1	0	0	0.3401831412806224	
0	1	0	1	0	0	1	0	0	1	0	1	1	1	0	0.3404762344011941	
0	1	0	1	0	0	1	0	0	1	0	1	1	1	1	0.3295348858624087	
0	1	0	1	0	0	1	0	0	1	1	1	1	0	0	0.31201357494961957	
0	1	0	1	0	0	1	0	0	1	1	1	1	1	0	0.25818083697198646	
0	1	0	1	0	0	1	0	1	1	0	0	1	0	0	0.2426634775290718	
0	1	0	1	0	0	1	0	1	1	0	0	1	1	0	0.26672303030869216	
0	1	0	1	0	0	1	0	1	1	0	1	0	0	0	0.3656500645565163	
0	1	0	1	0	0	1	0	1	1	0	1	0	1	0	0.35994753040264227	
0	1	0	1	0	0	1	0	1	1	0	1	1	0	0	0.3703920020228012	
0	1	0	1	0	0	1	0	1	1	0	1	1	0	1	0.3901585033129791	
0	1	0	1	0	0	1	0	1	1	0	1	1	1	0	0.37264501687759977	
0	1	0	1	0	0	1	0	1	1	0	1	1	1	1	0.30275671120741543	
0	1	0	1	0	0	1	0	1	1	1	1	1	0	0	0.2212823205714633	
0	1	0	1	0	0	1	0	1	1	1	1	1	1	0	0.22381981072083193	
0	1	0	1	0	0	1	1	0	1	0	1	1	0	0	0.30010192116376483	
0	1	0	1	0	0	1	1	0	1	0	1	1	1	0	0.25744597571287764	
0	1	0	1	0	0	1	1	1	1	0	1	1	0	0	0.15212190409486825	
0	1	0	1	0	0	1	1	1	1	0	1	1	1	0	0.20567435438125092	
0	1	0	1	0	1	0	0	0	0	0	1	1	0	0	0.3859191449787587	
0	1	0	1	0	1	0	0	0	0	0	1	1	1	0	0.37730085206904845	
0	1	0	1	0	1	0	0	0	1	0	0	0	0	0	0.18018081923526097	
0	1	0	1	0	1	0	0	0	1	0	0	0	1	0	0.16008634669063126	
0	1	0	1	0	1	0	0	0	1	0	0	1	0	0	0.17686240165517675	
0	1	0	1	0	1	0	0	0	1	0	0	1	1	0	0.15809592852750742	
0	1	0	1	0	1	0	0	0	1	0	0	1	1	1	0.1746060284359774	
0	1	0	1	0	1	0	0	0	1	0	1	0	0	0	0.3720036140662312	
0	1	0	1	0	1	0	0	0	1	0	1	0	0	1	0.3586084585787418	
0	1	0	1	0	1	0	0	0	1	0	1	0	1	0	0.35901963485634125	
0	1	0	1	0	1	0	0	0	1	0	1	0	1	1	0.3436060701371974	
0	1	0	1	0	1	0	0	0	1	0	1	1	0	0	0.360583661133099	
0	1	0	1	0	1	0	0	0	1	0	1	1	0	1	0.4030664424117367	
0	1	0	1	0	1	0	0	0	1	0	1	1	1	0	0.3973922159220742	
0	1	0	1	0	1	0	0	0	1	1	0	0	1	0	0.3896235175194236	
0	1	0	1	0	1	0	0	0	1	1	0	1	0	0	0.35356027851749855	
0	1	0	1	0	1	0	0	0	1	1	0	1	1	0	0.32519276555888843	
0	1	0	1	0	1	0	0	0	1	1	1	0	0	0	0.29149484714335805	
0	1	0	1	0	1	0	0	0	1	1	1	0	1	0	0.2898087867142335	
0	1	0	1	0	1	0	0	0	1	1	1	1	0	0	0.28817309359093557	
0	1	0	1	0	1	0	0	0	1	1	1	1	0	1	0.3138725322493007	
0	1	0	1	0	1	0	0	0	1	1	1	1	1	0	0.2867012970672754	
0	1	0	1	0	1	0	0	0	1	1	1	1	1	1	0.28946565322296075	
0	1	0	1	0	1	0	0	1	0	0	0	1	0	0	0.20658727604334304	
0	1	0	1	0	1	0	0	1	0	0	0	1	1	0	0.14006637541682498	
0	1	0	1	0	1	0	0	1	0	0	1	1	0	0	0.33399371633804403	
0	1	0	1	0	1	0	0	1	0	0	1	1	1	0	0.35331916206341407	
0	1	0	1	0	1	0	0	1	0	1	1	1	1	0	0.28104128267633827	
0	1	0	1	0	1	0	0	1	1	0	0	0	0	0	0.2731312907037643	
0	1	0	1	0	1	0	0	1	1	0	0	0	1	0	0.2631736600268776	
0	1	0	1	0	1	0	0	1	1	0	0	1	0	0	0.3837517160790137	
0	1	0	1	0	1	0	0	1	1	0	0	1	0	1	0.2583961563384066	
0	1	0	1	0	1	0	0	1	1	0	0	1	1	0	0.2556488931543754	
0	1	0	1	0	1	0	0	1	1	0	0	1	1	1	0.26716944804272225	
0	1	0	1	0	1	0	0	1	1	0	1	0	0	0	0.37702714548521654	
0	1	0	1	0	1	0	0	1	1	0	1	0	0	1	0.3920810896420653	
0	1	0	1	0	1	0	0	1	1	0	1	0	1	0	0.3845632654555711	
0	1	0	1	0	1	0	0	1	1	0	1	0	1	1	0.3090950868983957	
0	1	0	1	0	1	0	0	1	1	0	1	1	0	0	0.28091791893499335	
0	1	0	1	0	1	0	0	1	1	0	1	1	0	1	0.3734654582915327	
0	1	0	1	0	1	0	0	1	1	0	1	1	1	0	0.3689016785317496	
0	1	0	1	0	1	0	0	1	1	0	1	1	1	1	0.38487731524875	
0	1	0	1	0	1	0	0	1	1	1	0	0	0	0	0.2698929625644845	
0	1	0	1	0	1	0	0	1	1	1	0	0	1	0	0.320149950249388	
0	1	0	1	0	1	0	0	1	1	1	0	1	0	0	0.3869015152039811	
0	1	0	1	0	1	0	0	1	1	1	0	1	1	0	0.35254823643904687	
0	1	0	1	0	1	0	0	1	1	1	0	1	1	1	0.36311716621253404	
0	1	0	1	0	1	0	0	1	1	1	1	0	0	0	0.1451577890842852	
0	1	0	1	0	1	0	0	1	1	1	1	0	1	0	0.20829862159337958	
0	1	0	1	0	1	0	0	1	1	1	1	1	0	0	0.103351990286483	
0	1	0	1	0	1	0	0	1	1	1	1	1	0	1	0.14617342382568316	
0	1	0	1	0	1	0	0	1	1	1	1	1	1	0	0.15308654279322276	
0	1	0	1	0	1	0	0	1	1	1	1	1	1	1	0.21890408755421098	
0	1	0	1	0	1	0	1	0	0	0	1	1	1	0	0.37186408491301837	
0	1	0	1	0	1	0	1	0	1	0	0	0	1	0	0.38348154654553207	
0	1	0	1	0	1	0	1	0	1	0	0	1	0	0	0.3458283019478521	
0	1	0	1	0	1	0	1	0	1	0	0	1	1	0	0.3591737757627186	
0	1	0	1	0	1	0	1	0	1	0	1	0	0	0	0.28575491215914595	
0	1	0	1	0	1	0	1	0	1	0	1	0	1	0	0.2821618079690077	
0	1	0	1	0	1	0	1	0	1	0	1	1	0	0	0.2857573227125827	
0	1	0	1	0	1	0	1	0	1	0	1	1	1	0	0.2871944648427882	
0	1	0	1	0	1	0	1	0	1	1	0	1	0	0	0.2763597855624423	
0	1	0	1	0	1	0	1	0	1	1	0	1	1	0	0.2470513910373436	
0	1	0	1	0	1	0	1	0	1	1	1	0	0	0	0.10453400503778337	
0	1	0	1	0	1	0	1	0	1	1	1	0	1	0	0.11175785797438882	
0	1	0	1	0	1	0	1	0	1	1	1	1	0	0	0.06424201223657376	
0	1	0	1	0	1	0	1	0	1	1	1	1	1	0	0.10384841363102233	
0	1	0	1	0	1	0	1	1	0	0	1	1	0	0	0.23220064311311736	
0	1	0	1	0	1	0	1	1	0	0	1	1	1	0	0.2817173304471803	
0	1	0	1	0	1	0	1	1	1	0	0	0	0	0	0.341945149735409	
0	1	0	1	0	1	0	1	1	1	0	0	0	1	0	0.3239261427107946	
0	1	0	1	0	1	0	1	1	1	0	0	1	0	0	0.37083708155432893	
0	1	0	1	0	1	0	1	1	1	0	0	1	1	0	0.35135089014880383	
0	1	0	1	0	1	0	1	1	1	0	0	1	1	1	0.3248822223144612	
0	1	0	1	0	1	0	1	1	1	0	1	0	0	0	0.15119107181637537	
0	1	0	1	0	1	0	1	1	1	0	1	0	0	1	0.22053051405419094	
0	1	0	1	0	1	0	1	1	1	0	1	0	1	0	0.20522244094022776	
0	1	0	1	0	1	0	1	1	1	0	1	0	1	1	0.2166886125952749	
0	1	0	1	0	1	0	1	1	1	0	1	1	0	0	0.09989967654692555	
0	1	0	1	0	1	0	1	1	1	0	1	1	1	0	0.11566164935081187	
0	1	0	1	0	1	0	1	1	1	1	0	1	0	0	0.20838979604173183	
0	1	0	1	0	1	0	1	1	1	1	0	1	1	0	0.21958326853351143	
0	1	0	1	0	1	0	1	1	1	1	1	0	1	0	0.0538881309686221	
0	1	0	1	0	1	0	1	1	1	1	1	1	0	0	0.01337579617834395	
0	1	0	1	0	1	0	1	1	1	1	1	1	0	1	0.017259978425026967	
0	1	0	1	0	1	0	1	1	1	1	1	1	1	1	0.02330097087378641	
0	1	0	1	0	1	1	0	0	1	0	0	1	0	0	0.22723838739955593	
0	1	0	1	0	1	1	0	0	1	0	0	1	1	0	0.27167772561567316	
0	1	0	1	0	1	1	0	0	1	0	1	1	0	0	0.3746186685612282	
0	1	0	1	0	1	1	0	0	1	0	1	1	1	0	0.36627790625720674	
0	1	0	1	0	1	1	0	0	1	1	1	1	1	0	0.1834611989951796	
0	1	0	1	0	1	1	0	1	1	0	0	1	0	0	0.3317102604089256	
0	1	0	1	0	1	1	0	1	1	0	0	1	1	0	0.33771094402673346	
0	1	0	1	0	1	1	0	1	1	0	1	0	0	0	0.31356002660458926	
0	1	0	1	0	1	1	0	1	1	0	1	0	1	0	0.27626331259571435	
0	1	0	1	0	1	1	0	1	1	0	1	1	0	0	0.28096813890504657	
0	1	0	1	0	1	1	0	1	1	0	1	1	1	0	0.2913435424409963	
0	1	0	1	0	1	1	1	0	1	0	1	1	1	0	0.21954104277422815	
0	1	0	1	0	1	1	1	1	1	0	1	1	0	0	0.05675833820947923	
0	1	0	1	0	1	1	1	1	1	0	1	1	1	0	0.10760118460019744	
0	1	0	1	1	0	0	0	0	1	0	0	1	0	0	0.0	
0	1	0	1	1	0	0	0	0	1	0	0	1	1	0	0.0	
0	1	0	1	1	0	0	0	0	1	0	1	1	0	0	0.1632462457236704	
0	1	0	1	1	0	0	0	0	1	0	1	1	1	0	0.13612588096414469	
0	1	0	1	1	0	0	0	0	1	1	1	1	1	0	0.3933339671874835	
0	1	0	1	1	0	0	0	1	1	0	0	1	0	0	0.0	
0	1	0	1	1	0	0	0	1	1	0	0	1	1	0	0.0	
0	1	0	1	1	0	0	0	1	1	0	1	0	0	0	0.23831256853247684	
0	1	0	1	1	0	0	0	1	1	0	1	0	1	0	0.2859682742467795	
0	1	0	1	1	0	0	0	1	1	0	1	1	0	0	0.22963191342408373	
0	1	0	1	1	0	0	0	1	1	0	1	1	1	0	0.2682913974847836	
0	1	0	1	1	0	0	0	1	1	1	1	1	0	0	0.3037957025746423	
0	1	0	1	1	0	0	1	0	1	0	1	1	0	0	0.36743662917575964	
0	1	0	1	1	0	0	1	0	1	0	1	1	1	0	0.4089512268102932	
0	1	0	1	1	0	0	1	1	1	0	1	1	0	0	0.3210489726730814	
0	1	0	1	1	0	0	1	1	1	0	1	1	1	0	0.3162165267840783	
0	1	0	1	1	1	0	0	0	1	0	1	1	0	0	0.2090014133856828	
0	1	0	1	1	1	0	0	0	1	0	1	1	1	0	0.26906674008352893	
0	1	0	1	1	1	0	0	1	1	0	0	1	1	0	0.15536322263678015	
0	1	0	1	1	1	0	0	1	1	0	1	1	0	0	0.35317257423724846	
0	1	0	1	1	1	0	0	1	1	0	1	1	1	0	0.3585125805899469	
0	1	0	1	1	1	0	1	0	1	0	1	1	1	0	0.3593035061396078	
0	1	0	1	1	1	0	1	1	1	0	1	1	0	0	0.2756980616514388	
0	1	0	1	1	1	0	1	1	1	0	1	1	1	0	0.2821827742057038	
0	1	1	0	0	0	0	0	0	1	0	1	1	1	0	0.38737899042708407	
0	1	1	0	0	0	0	0	0	1	1	1	1	1	0	0.3905860068626761	
0	1	1	0	0	0	0	0	1	1	0	0	1	0	0	0.21272706171083244	
0	1	1	0	0	0	0	0	1	1	0	0	1	1	0	0.1789045385786776	
0	1	1	0	0	0	0	0	1	1	0	1	0	0	0	0.3645207560556168	
0	1	1	0	0	0	0	0	1	1	0	1	0	1	0	0.38458592368892663	
0	1	1	0	0	0	0	0	1	1	0	1	1	0	0	0.34398636003378535	
0	1	1	0	0	0	0	0	1	1	0	1	1	0	1	0.3849156444905748	
0	1	1	0	0	0	0	0	1	1	0	1	1	1	0	0.36184258857550455	
0	1	1	0	0	0	0	0	1	1	1	0	1	0	0	0.3967551622418879	
0	1	1	0	0	0	0	0	1	1	1	0	1	1	0	0.3509648302265253	
0	1	1	0	0	0	0	0	1	1	1	1	1	0	0	0.2438488145251114	
0	1	1	0	0	0	0	0	1	1	1	1	1	1	0	0.2893564722263276	
0	1	1	0	0	0	0	1	0	1	1	1	1	1	0	0.20783330117692456	
0	1	1	0	0	0	0	1	1	1	0	0	1	0	0	0.3622879694104375	
0	1	1	0	0	0	0	1	1	1	0	0	1	1	0	0.36332580474630105	
0	1	1	0	0	0	0	1	1	1	0	1	0	1	0	0.2748055995858484	
0	1	1	0	0	0	0	1	1	1	0	1	1	0	0	0.20921948141368651	
0	1	1	0	0	0	0	1	1	1	0	1	1	1	0	0.28463502036166394	
0	1	1	0	0	0	0	1	1	1	1	1	1	0	0	0.04648862512363996	
0	1	1	0	0	0	0	1	1	1	1	1	1	1	0	0.06462585034013606	
0	1	1	0	0	0	1	0	1	1	0	1	1	1	0	0.4681572026579108	
0	1	1	0	0	1	0	0	0	1	1	1	1	1	0	0.2701253327933462	
0	1	1	0	0	1	0	0	1	1	0	0	1	0	0	0.3834319526627219	
0	1	1	0	0	1	0	0	1	1	0	0	1	1	0	0.2908560603524566	
0	1	1	0	0	1	0	0	1	1	0	1	0	0	0	0.355100450026719	
0	1	1	0	0	1	0	0	1	1	0	1	0	1	0	0.3806181621984339	
0	1	1	0	0	1	0	0	1	1	0	1	1	0	0	0.27409381047054976	
0	1	1	0	0	1	0	0	1	1	0	1	1	0	1	0.28766156169219154	
0	1	1	0	0	1	0	0	1	1	0	1	1	1	0	0.27703074866364075	
0	1	1	0	0	1	0	0	1	1	1	1	1	0	0	0.09808478564801397	
0	1	1	0	0	1	0	0	1	1	1	1	1	1	0	0.12273107816301727	
0	1	1	0	0	1	0	1	1	1	0	1	1	1	0	0.10713071213181392	
0	1	1	1	0	0	0	0	0	0	0	1	1	0	0	0.361236409900532	
0	1	1	1	0	0	0	0	0	0	0	1	1	1	0	0.33466081650099666	
0	1	1	1	0	0	0	0	0	1	0	0	0	1	0	0.22390651982862853	
0	1	1	1	0	0	0	0	0	1	0	1	0	0	0	0.35747065061071975	
0	1	1	1	0	0	0	0	0	1	0	1	0	1	0	0.3586213695622359	
0	1	1	1	0	0	0	0	0	1	0	1	1	0	0	0.3567064168393834	
0	1	1	1	0	0	0	0	0	1	0	1	1	1	0	0.3261923735205846	
0	1	1	1	0	0	0	0	0	1	1	0	1	0	0	0.35071525435697726	
0	1	1	1	0	0	0	0	0	1	1	0	1	1	0	0.3626963579326938	
0	1	1	1	0	0	0	0	0	1	1	1	0	0	0	0.18974527180449685	
0	1	1	1	0	0	0	0	0	1	1	1	0	1	0	0.2642704876494487	
0	1	1	1	0	0	0	0	0	1	1	1	1	0	0	0.212206125575794	
0	1	1	1	0	0	0	0	0	1	1	1	1	0	1	0.21066152858060372	
0	1	1	1	0	0	0	0	0	1	1	1	1	1	0	0.21110292350593543	
0	1	1	1	0	0	0	0	0	1	1	1	1	1	1	0.2361743454971399	
0	1	1	1	0	0	0	0	1	0	0	0	1	1	0	0.29125354931806535	
0	1	1	1	0	0	0	0	1	0	0	1	1	0	0	0.375427590206118	
0	1	1	1	0	0	0	0	1	0	0	1	1	1	0	0.35609657612388	
0	1	1	1	0	0	0	0	1	1	0	0	0	0	0	0.4113078908194142	
0	1	1	1	0	0	0	0	1	1	0	0	0	1	0	0.39017684403158603	
0	1	1	1	0	0	0	0	1	1	0	0	1	0	0	0.329710421798608	
0	1	1	1	0	0	0	0	1	1	0	0	1	0	1	0.36495429081391595	
0	1	1	1	0	0	0	0	1	1	0	0	1	1	0	0.38443321368640576	
0	1	1	1	0	0	0	0	1	1	0	0	1	1	1	0.39187364784506024	
0	1	1	1	0	0	0	0	1	1	0	1	0	0	0	0.2613997602054085	
0	1	1	1	0	0	0	0	1	1	0	1	0	1	0	0.2842804885214122	
0	1	1	1	0	0	0	0	1	1	0	1	0	1	1	0.37874328092520315	
0	1	1	1	0	0	0	0	1	1	0	1	1	0	0	0.2960626531234191	
0	1	1	1	0	0	0	0	1	1	0	1	1	0	1	0.2842929654863359	
0	1	1	1	0	0	0	0	1	1	0	1	1	1	0	0.28140728788877784	
0	1	1	1	0	0	0	0	1	1	0	1	1	1	1	0.2799743810196772	
0	1	1	1	0	0	0	0	1	1	1	0	0	0	0	0.3375916705914015	
0	1	1	1	0	0	0	0	1	1	1	0	0	1	0	0.4202288752745348	
0	1	1	1	0	0	0	0	1	1	1	0	1	0	0	0.27044283093695387	
0	1	1	1	0	0	0	0	1	1	1	0	1	1	0	0.35685855153109947	
0	1	1	1	0	0	0	0	1	1	1	1	0	0	0	0.11076487252124646	
0	1	1	1	0	0	0	0	1	1	1	1	0	1	0	0.09581273854717151	
0	1	1	1	0	0	0	0	1	1	1	1	1	0	0	0.1056005895357406	
0	1	1	1	0	0	0	0	1	1	1	1	1	0	1	0.11414982164090369	
0	1	1	1	0	0	0	0	1	1	1	1	1	1	0	0.10506079834953581	
0	1	1	1	0	0	0	0	1	1	1	1	1	1	1	0.10107001188800316	
0	1	1	1	0	0	0	1	0	1	1	0	1	0	0	0.2315370972667992	
0	1	1	1	0	0	0	1	0	1	1	0	1	1	0	0.3039552446139469	
0	1	1	1	0	0	0	1	0	1	1	1	0	1	0	0.0649171270718232	
0	1	1	1	0	0	0	1	0	1	1	1	1	0	0	0.04749177631578947	
0	1	1	1	0	0	0	1	0	1	1	1	1	1	0	0.04726235063313715	
0	1	1	1	0	0	0	1	1	0	0	1	1	0	0	0.22968716792216684	
0	1	1	1	0	0	0	1	1	0	0	1	1	1	0	0.2062554136857977	
0	1	1	1	0	0	0	1	1	1	0	0	0	1	0	0.38164544052308935	
0	1	1	1	0	0	0	1	1	1	0	0	1	0	0	0.2755112810425676	
0	1	1	1	0	0	0	1	1	1	0	0	1	1	0	0.27849423387952243	
0	1	1	1	0	0	0	1	1	1	0	0	1	1	1	0.3646833013435701	
0	1	1	1	0	0	0	1	1	1	0	1	0	0	0	0.10630689206762028	
0	1	1	1	0	0	0	1	1	1	0	1	0	1	0	0.09922802058161467	
0	1	1	1	0	0	0	1	1	1	0	1	0	1	1	0.08842321943186497	
0	1	1	1	0	0	0	1	1	1	0	1	1	0	0	0.10572003323566712	
0	1	1	1	0	0	0	1	1	1	0	1	1	0	1	0.10754673436418186	
0	1	1	1	0	0	0	1	1	1	0	1	1	1	0	0.10492013952634478	
0	1	1	1	0	0	0	1	1	1	0	1	1	1	1	0.08311652274236099	
0	1	1	1	0	0	0	1	1	1	1	0	1	0	0	0.09516576388435684	
0	1	1	1	0	0	0	1	1	1	1	0	1	1	0	0.10336501644510554	
0	1	1	1	0	0	0	1	1	1	1	1	0	0	0	0.010689990281827016	
0	1	1	1	0	0	0	1	1	1	1	1	0	1	0	0.013043478260869565	
0	1	1	1	0	0	0	1	1	1	1	1	1	0	0	0.0	
0	1	1	1	0	0	0	1	1	1	1	1	1	0	1	0.007451564828614009	
0	1	1	1	0	0	0	1	1	1	1	1	1	1	0	0.01256890848952591	
0	1	1	1	0	0	0	1	1	1	1	1	1	1	1	0.01437125748502994	
0	1	1	1	0	0	1	0	0	1	0	1	1	1	0	0.2854509618607758	
0	1	1	1	0	0	1	0	1	1	0	0	1	0	0	0.3698058641342048	
0	1	1	1	0	0	1	0	1	1	0	0	1	1	0	0.38000913363768574	
0	1	1	1	0	0	1	0	1	1	0	1	0	1	0	0.2380364361568786	
0	1	1	1	0	0	1	0	1	1	0	1	1	0	0	0.22382060503490586	
0	1	1	1	0	0	1	0	1	1	0	1	1	1	0	0.19182299279983694	
0	1	1	1	0	0	1	0	1	1	1	1	1	0	0	0.06319702602230483	
0	1	1	1	0	0	1	0	1	1	1	1	1	1	0	0.04800817160367722	
0	1	1	1	0	0	1	1	1	1	0	1	1	0	0	0.0416988416988417	
0	1	1	1	0	0	1	1	1	1	0	1	1	1	0	0.050880626223091974	
0	1	1	1	0	1	0	0	0	0	0	1	1	1	0	0.29828493991703986	
0	1	1	1	0	1	0	0	0	1	0	0	1	1	0	0.40099071308205714	
0	1	1	1	0	1	0	0	0	1	0	1	0	0	0	0.2723683156486165	
0	1	1	1	0	1	0	0	0	1	0	1	0	1	0	0.2766321468223213	
0	1	1	1	0	1	0	0	0	1	0	1	1	1	0	0.25994985126163206	
0	1	1	1	0	1	0	0	0	1	1	0	1	0	0	0.2997107039537127	
0	1	1	1	0	1	0	0	0	1	1	0	1	1	0	0.36295765308745764	
0	1	1	1	0	1	0	0	0	1	1	1	0	0	0	0.11439114391143912	
0	1	1	1	0	1	0	0	0	1	1	1	0	1	0	0.1329825717959903	
0	1	1	1	0	1	0	0	0	1	1	1	1	0	0	0.11162094763092269	
0	1	1	1	0	1	0	0	0	1	1	1	1	0	1	0.08486707566462168	
0	1	1	1	0	1	0	0	0	1	1	1	1	1	0	0.10630571145592604	
0	1	1	1	0	1	0	0	0	1	1	1	1	1	1	0.09713707849496112	
0	1	1	1	0	1	0	0	1	0	0	1	1	0	0	0.3041730574412285	
0	1	1	1	0	1	0	0	1	0	0	1	1	1	0	0.2837612803063859	
0	1	1	1	0	1	0	0	1	1	0	0	0	0	0	0.3536167244536742	
0	1	1	1	0	1	0	0	1	1	0	0	0	1	0	0.4180022612278588	
0	1	1	1	0	1	0	0	1	1	0	0	1	0	0	0.29787203672268336	
0	1	1	1	0	1	0	0	1	1	0	0	1	0	1	0.3243139513715004	
0	1	1	1	0	1	0	0	1	1	0	0	1	1	0	0.3437922559176041	
0	1	1	1	0	1	0	0	1	1	0	1	0	0	0	0.2188943547186084	
0	1	1	1	0	1	0	0	1	1	0	1	0	1	0	0.18940078390794313	
0	1	1	1	0	1	0	0	1	1	0	1	0	1	1	0.24359663146124344	
0	1	1	1	0	1	0	0	1	1	0	1	1	0	0	0.14996502120457855	
0	1	1	1	0	1	0	0	1	1	0	1	1	0	1	0.21240192100195182	
0	1	1	1	0	1	0	0	1	1	0	1	1	1	0	0.21839340407692934	
0	1	1	1	0	1	0	0	1	1	0	1	1	1	1	0.21996418234956486	
0	1	1	1	0	1	0	0	1	1	1	0	1	0	0	0.22453492128762084	
0	1	1	1	0	1	0	0	1	1	1	0	1	1	0	0.2102701015617987	
0	1	1	1	0	1	0	0	1	1	1	1	0	0	0	0.04677565849227974	
0	1	1	1	0	1	0	0	1	1	1	1	0	1	0	0.047969052224371374	
0	1	1	1	0	1	0	0	1	1	1	1	1	0	0	0.020545881785864917	
0	1	1	1	0	1	0	0	1	1	1	1	1	0	1	0.04624664879356569	
0	1	1	1	0	1	0	0	1	1	1	1	1	1	0	0.04707139585771716	
0	1	1	1	0	1	0	0	1	1	1	1	1	1	1	0.050461204557786216	
0	1	1	1	0	1	0	1	0	1	0	1	0	0	0	0.10163796724065519	
0	1	1	1	0	1	0	1	0	1	0	1	1	0	0	0.10486425339366516	
0	1	1	1	0	1	0	1	0	1	0	1	1	0	1	0.1096813725490196	
0	1	1	1	0	1	0	1	0	1	0	1	1	1	0	0.1079091696334071	
0	1	1	1	0	1	0	1	0	1	1	1	1	0	0	0.012667135819845179	
0	1	1	1	0	1	0	1	0	1	1	1	1	1	0	0.011534025374855825	
0	1	1	1	0	1	0	1	1	1	0	0	0	1	0	0.2671674787327943	
0	1	1	1	0	1	0	1	1	1	0	0	1	0	0	0.22871076975304216	
0	1	1	1	0	1	0	1	1	1	0	0	1	1	0	0.21300967790794048	
0	1	1	1	0	1	0	1	1	1	0	1	0	0	0	0.047353019420058526	
0	1	1	1	0	1	0	1	1	1	0	1	0	1	0	0.04425193163193632	
0	1	1	1	0	1	0	1	1	1	0	1	1	0	0	0.018826758630397296	
0	1	1	1	0	1	0	1	1	1	0	1	1	0	1	0.051371185786017765	
0	1	1	1	0	1	0	1	1	1	0	1	1	1	0	0.04651369619352544	
0	1	1	1	0	1	0	1	1	1	0	1	1	1	1	0.045542635658914726	
0	1	1	1	0	1	0	1	1	1	1	0	1	0	0	0.04195804195804196	
0	1	1	1	0	1	0	1	1	1	1	0	1	1	0	0.0452991452991453	
0	1	1	1	0	1	0	1	1	1	1	1	0	1	0	0.0	
0	1	1	1	0	1	0	1	1	1	1	1	1	0	0	0.0	
0	1	1	1	0	1	0	1	1	1	1	1	1	1	0	0.0	
0	1	1	1	0	1	1	0	0	1	0	1	1	0	0	0.22487542465205926	
0	1	1	1	0	1	1	0	0	1	0	1	1	1	0	0.2188361719383617	
0	1	1	1	0	1	1	0	1	1	0	0	1	1	0	0.3585003974211781	
0	1	1	1	0	1	1	0	1	1	0	1	1	0	0	0.09636048526863085	
0	1	1	1	0	1	1	0	1	1	0	1	1	1	0	0.1045481393975192	
0	1	1	1	0	1	1	1	1	1	0	1	1	0	0	0.011961722488038277	
0	1	1	1	0	1	1	1	1	1	0	1	1	1	0	0.015228426395939087	
0	1	1	1	1	0	0	0	0	1	0	1	1	0	0	0.3829686487914336	
0	1	1	1	1	0	0	0	0	1	0	1	1	1	0	0.30699504341374123	
0	1	1	1	1	0	0	0	1	1	0	1	1	0	0	0.3908876157375981	
0	1	1	1	1	0	0	0	1	1	0	1	1	1	0	0.38329049492156786	
0	1	1	1	1	0	0	1	1	1	0	1	1	0	0	0.22217759362232314	
0	1	1	1	1	0	0	1	1	1	0	1	1	1	0	0.27083619702176404	
0	1	1	1	1	1	0	0	0	1	0	1	1	0	0	0.34584455279819515	
0	1	1	1	1	1	0	0	0	1	0	1	1	1	0	0.38735205404659023	
0	1	1	1	1	1	0	0	1	1	0	1	1	0	0	0.2912491787727108	
0	1	1	1	1	1	0	0	1	1	0	1	1	1	0	0.3636392261184314	
1	0	0	0	0	0	0	0	0	1	0	0	1	0	0	0.0	
1	0	0	0	0	0	0	0	0	1	0	0	1	1	0	0.0	
1	0	0	0	0	0	0	0	0	1	0	1	0	0	0	0.0	
1	0	0	0	0	0	0	0	0	1	0	1	0	1	0	0.0	
1	0	0	0	0	0	0	0	0	1	0	1	1	0	0	0.0	
1	0	0	0	0	0	0	0	0	1	0	1	1	0	1	0.0	
1	0	0	0	0	0	0	0	0	1	0	1	1	1	0	0.0	
1	0	0	0	0	0	0	0	0	1	0	1	1	1	1	0.0	
1	0	0	0	0	0	0	0	0	1	1	0	1	1	0	0.0	
1	0	0	0	0	0	0	0	0	1	1	1	1	0	0	0.0	
1	0	0	0	0	0	0	0	0	1	1	1	1	1	0	0.0	
1	0	0	0	0	0	0	0	1	1	0	0	0	0	0	0.0	
1	0	0	0	0	0	0	0	1	1	0	0	0	1	0	0.0	
1	0	0	0	0	0	0	0	1	1	0	0	1	0	0	0.0	
1	0	0	0	0	0	0	0	1	1	0	0	1	1	0	0.0	
1	0	0	0	0	0	0	0	1	1	0	1	0	0	0	0.0	
1	0	0	0	0	0	0	0	1	1	0	1	0	1	0	0.0	
1	0	0	0	0	0	0	0	1	1	0	1	1	0	0	0.0	
1	0	0	0	0	0	0	0	1	1	0	1	1	0	1	0.0	
1	0	0	0	0	0	0	0	1	1	0	1	1	1	0	0.0	
1	0	0	0	0	0	0	0	1	1	0	1	1	1	1	0.0	
1	0	0	0	0	0	0	0	1	1	1	0	1	0	0	0.0	
1	0	0	0	0	0	0	0	1	1	1	0	1	1	0	0.000870975177862332	
1	0	0	0	0	0	0	0	1	1	1	1	1	0	0	0.0	
1	0	0	0	0	0	0	1	0	1	0	0	1	0	0	0.0	
1	0	0	0	0	0	0	1	0	1	0	0	1	1	0	0.0	
1	0	0	0	0	0	0	1	0	1	0	1	0	1	0	0.0	
1	0	0	0	0	0	0	1	0	1	0	1	1	0	0	0.0	
1	0	0	0	0	0	0	1	0	1	0	1	1	1	0	0.0	
1	0	0	0	0	0	0	1	0	1	1	1	1	0	0	0.034613661193932166	
1	0	0	0	0	0	0	1	0	1	1	1	1	1	0	0.011452609890109988	
1	0	0	0	0	0	0	1	1	1	0	0	1	0	0	0.0	
1	0	0	0	0	0	0	1	1	1	0	0	1	1	0	0.0	
1	0	0	0	0	0	0	1	1	1	0	1	0	0	0	0.0	
1	0	0	0	0	0	0	1	1	1	0	1	0	1	0	0.0	
1	0	0	0	0	0	0	1	1	1	0	1	1	0	0	0.0	
1	0	0	0	0	0	0	1	1	1	0	1	1	0	1	0.0	
1	0	0	0	0	0	0	1	1	1	0	1	1	1	0	0.0	
1	0	0	0	0	0	0	1	1	1	0	1	1	1	1	0.0	
1	0	0	0	0	0	0	1	1	1	1	1	1	0	0	0.2623948614493209	
1	0	0	0	0	0	0	1	1	1	1	1	1	1	0	0.20776110468394782	
1	0	0	0	0	0	1	0	1	1	0	1	1	0	0	0.0	
1	0	0	0	0	0	1	0	1	1	0	1	1	1	0	0.0	
1	0	0	0	0	1	0	0	0	1	0	0	1	0	0	0.0	
1	0	0	0	0	1	0	0	0	1	0	0	1	1	0	0.0	
1	0	0	0	0	1	0	0	0	1	0	1	0	0	0	0.0	
1	0	0	0	0	1	0	0	0	1	0	1	0	1	0	0.0	
1	0	0	0	0	1	0	0	0	1	0	1	1	0	0	0.0	
1	0	0	0	0	1	0	0	0	1	0	1	1	0	1	0.0	
1	0	0	0	0	1	0	0	0	1	0	1	1	1	0	0.0	
1	0	0	0	0	1	0	0	0	1	0	1	1	1	1	0.0	
1	0	0	0	0	1	0	0	0	1	1	1	1	0	0	0.0	
1	0	0	0	0	1	0	0	0	1	1	1	1	1	0	0.0	
1	0	0	0	0	1	0	0	1	1	0	0	1	0	0	0.0	
1	0	0	0	0	1	0	0	1	1	0	0	1	1	0	0.0	
1	0	0	0	0	1	0	0	1	1	0	1	0	0	0	0.0	
1	0	0	0	0	1	0	0	1	1	0	1	0	1	0	0.0	
1	0	0	0	0	1	0	0	1	1	0	1	1	0	0	0.0	
1	0	0	0	0	1	0	0	1	1	0	1	1	0	1	0.0	
1	0	0	0	0	1	0	0	1	1	0	1	1	1	0	0.0	
1	0	0	0	0	1	0	0	1	1	0	1	1	1	1	0.0	
1	0	0	0	0	1	0	0	1	1	1	1	1	1	0	0.00975324627667662	
1	0	0	0	0	1	0	1	0	1	0	0	1	1	0	0.0	
1	0	0	0	0	1	0	1	0	1	0	1	1	0	0	0.0	
1	0	0	0	0	1	0	1	0	1	0	1	1	1	0	0.0	
1	0	0	0	0	1	0	1	1	1	0	0	1	0	0	0.0	
1	0	0	0	0	1	0	1	1	1	0	0	1	1	0	0.0	
1	0	0	0	0	1	0	1	1	1	0	1	0	1	0	0.03770636376463954	
1	0	0	0	0	1	0	1	1	1	0	1	1	0	0	0.14334635174736798	
1	0	0	0	0	1	0	1	1	1	0	1	1	1	0	0.012132105029382001	
1	0	0	0	0	1	0	1	1	1	1	1	1	0	0	0.3851087268895488	
1	0	0	0	0	1	0	1	1	1	1	1	1	1	0	0.37859605439570965	
1	0	0	1	0	0	0	0	0	0	0	1	1	0	0	0.0	
1	0	0	1	0	0	0	0	0	0	0	1	1	1	0	0.0	
1	0	0	1	0	0	0	0	0	1	0	0	0	0	0	0.0	
1	0	0	1	0	0	0	0	0	1	0	0	0	1	0	0.0	
1	0	0	1	0	0	0	0	0	1	0	0	1	0	0	0.0	
1	0	0	1	0	0	0	0	0	1	0	0	1	0	1	0.0	
1	0	0	1	0	0	0	0	0	1	0	0	1	1	0	0.0	
1	0	0	1	0	0	0	0	0	1	0	0	1	1	1	0.0	
1	0	0	1	0	0	0	0	0	1	0	1	0	0	0	0.0	
1	0	0	1	0	0	0	0	0	1	0	1	0	0	1	0.0	
1	0	0	1	0	0	0	0	0	1	0	1	0	1	0	0.0	
1	0	0	1	0	0	0	0	0	1	0	1	0	1	1	0.0	
1	0	0	1	0	0	0	0	0	1	0	1	1	0	0	0.0	
1	0	0	1	0	0	0	0	0	1	0	1	1	0	1	0.0	
1	0	0	1	0	0	0	0	0	1	0	1	1	1	0	0.0	
1	0	0	1	0	0	0	0	0	1	0	1	1	1	1	0.0	
1	0	0	1	0	0	0	0	0	1	1	0	0	1	0	0.0	
1	0	0	1	0	0	0	0	0	1	1	0	1	0	0	0.0	
1	0	0	1	0	0	0	0	0	1	1	0	1	1	0	0.0	
1	0	0	1	0	0	0	0	0	1	1	1	0	0	0	0.0	
1	0	0	1	0	0	0	0	0	1	1	1	0	1	0	0.0	
1	0	0	1	0	0	0	0	0	1	1	1	1	0	0	0.005124059799158975	
1	0	0	1	0	0	0	0	0	1	1	1	1	0	1	0.0030867091855281137	
1	0	0	1	0	0	0	0	0	1	1	1	1	1	0	0.012307061341255698	
1	0	0	1	0	0	0	0	0	1	1	1	1	1	1	0.0	
1	0	0	1	0	0	0	0	1	0	0	0	1	0	0	0.0	
1	0	0	1	0	0	0	0	1	0	0	0	1	1	0	0.0	
1	0	0	1	0	0	0	0	1	0	0	1	1	0	0	0.0	
1	0	0	1	0	0	0	0	1	0	0	1	1	1	0	0.0	
1	0	0	1	0	0	0	0	1	1	0	0	0	0	0	0.0	
1	0	0	1	0	0	0	0	1	1	0	0	0	1	0	0.0	
1	0	0	1	0	0	0	0	1	1	0	0	1	0	0	0.0	
1	0	0	1	0	0	0	0	1	1	0	0	1	0	1	0.0	
1	0	0	1	0	0	0	0	1	1	0	0	1	1	0	0.0	
1	0	0	1	0	0	0	0	1	1	0	0	1	1	1	0.0	
1	0	0	1	0	0	0	0	1	1	0	1	0	0	0	0.0	
1	0	0	1	0	0	0	0	1	1	0	1	0	0	1	0.0	
1	0	0	1	0	0	0	0	1	1	0	1	0	1	0	0.0	
1	0	0	1	0	0	0	0	1	1	0	1	0	1	1	0.0	
1	0	0	1	0	0	0	0	1	1	0	1	1	0	0	0.0	
1	0	0	1	0	0	0	0	1	1	0	1	1	0	1	0.0	
1	0	0	1	0	0	0	0	1	1	0	1	1	1	0	0.0	
1	0	0	1	0	0	0	0	1	1	0	1	1	1	1	0.0	
1	0	0	1	0	0	0	0	1	1	1	0	1	0	0	0.0	
1	0	0	1	0	0	0	0	1	1	1	0	1	1	0	0.0017330709755016827	
1	0	0	1	0	0	0	0	1	1	1	0	1	1	1	0.0	
1	0	0	1	0	0	0	0	1	1	1	1	1	0	0	0.16101386489049663	
1	0	0	1	0	0	0	0	1	1	1	1	1	1	0	0.14275885804150368	
1	0	0	1	0	0	0	0	1	1	1	1	1	1	1	0.10490239248495525	
1	0	0	1	0	0	0	1	0	0	0	1	1	1	0	0.0	
1	0	0	1	0	0	0	1	0	1	0	0	0	0	0	0.0	
1	0	0	1	0	0	0	1	0	1	0	0	0	1	0	0.0	
1	0	0	1	0	0	0	1	0	1	0	0	1	0	0	0.0	
1	0	0	1	0	0	0	1	0	1	0	0	1	1	0	0.0	
1	0	0	1	0	0	0	1	0	1	0	0	1	1	1	0.0	
1	0	0	1	0	0	0	1	0	1	0	1	0	0	0	0.0	
1	0	0	1	0	0	0	1	0	1	0	1	0	1	0	0.0	
1	0	0	1	0	0	0	1	0	1	0	1	1	0	0	0.0	
1	0	0	1	0	0	0	1	0	1	0	1	1	1	0	0.0	
1	0	0	1	0	0	0	1	0	1	1	0	1	0	0	0.010761877905757666	
1	0	0	1	0	0	0	1	0	1	1	0	1	1	0	0.0	
1	0	0	1	0	0	0	1	0	1	1	1	0	0	0	0.2605211817168338	
1	0	0	1	0	0	0	1	0	1	1	1	0	1	0	0.20422354145718835	
1	0	0	1	0	0	0	1	0	1	1	1	1	0	0	0.2740648643162712	
1	0	0	1	0	0	0	1	0	1	1	1	1	1	0	0.28057245455779467	
1	0	0	1	0	0	0	1	0	1	1	1	1	1	1	0.19178450491710564	
1	0	0	1	0	0	0	1	1	0	0	1	1	0	0	0.02063386100413489	
1	0	0	1	0	0	0	1	1	0	0	1	1	1	0	0.03341330369929296	
1	0	0	1	0	0	0	1	1	1	0	0	0	0	0	0.0	
1	0	0	1	0	0	0	1	1	1	0	0	0	1	0	0.0	
1	0	0	1	0	0	0	1	1	1	0	0	1	0	0	0.0	
1	0	0	1	0	0	0	1	1	1	0	0	1	0	1	0.0	
1	0	0	1	0	0	0	1	1	1	0	0	1	1	0	0.0	
1	0	0	1	0	0	0	1	1	1	0	0	1	1	1	0.0	
1	0	0	1	0	0	0	1	1	1	0	1	0	0	0	0.1434636908692576	
1	0	0	1	0	0	0	1	1	1	0	1	0	0	1	0.11701307199725786	
1	0	0	1	0	0	0	1	1	1	0	1	0	1	0	0.1016491840631003	
1	0	0	1	0	0	0	1	1	1	0	1	0	1	1	0.0	
1	0	0	1	0	0	0	1	1	1	0	1	1	0	0	0.15558443413498224	
1	0	0	1	0	0	0	1	1	1	0	1	1	0	1	0.1704339916578722	
1	0	0	1	0	0	0	1	1	1	0	1	1	1	0	0.16606088559435894	
1	0	0	1	0	0	0	1	1	1	0	1	1	1	1	0.14045136312119577	
1	0	0	1	0	0	0	1	1	1	1	0	1	1	0	0.010326925990491564	
1	0	0	1	0	0	0	1	1	1	1	1	0	0	0	0.36312244798825033	
1	0	0	1	0	0	0	1	1	1	1	1	1	0	0	0.3302955255745491	
1	0	0	1	0	0	0	1	1	1	1	1	1	0	1	0.3939859525899912	
1	0	0	1	0	0	0	1	1	1	1	1	1	1	0	0.38548173888223297	
1	0	0	1	0	0	0	1	1	1	1	1	1	1	1	0.4219316907063172	
1	0	0	1	0	0	1	0	0	1	0	0	1	0	0	0.0	
1	0	0	1	0	0	1	0	0	1	0	0	1	1	0	0.0	
1	0	0	1	0	0	1	0	0	1	0	1	1	0	0	0.0	
1	0	0	1	0	0	1	0	0	1	0	1	1	1	0	0.0	
1	0	0	1	0	0	1	0	1	1	0	0	1	0	0	0.0	
1	0	0	1	0	0	1	0	1	1	0	0	1	1	0	0.0	
1	0	0	1	0	0	1	0	1	1	0	1	0	0	0	0.0	
1	0	0	1	0	0	1	0	1	1	0	1	1	0	0	0.017945684891967573	
1	0	0	1	0	0	1	0	1	1	0	1	1	1	0	0.0024630759187507234	
1	0	0	1	0	0	1	0	1	1	0	1	1	1	1	0.0	
1	0	0	1	0	0	1	1	0	1	0	1	1	0	0	0.14634146341463417	
1	0	0	1	0	0	1	1	0	1	0	1	1	1	0	0.05452124040932316	
1	0	0	1	0	0	1	1	1	1	0	1	1	0	0	0.2719983882264584	
1	0	0	1	0	0	1	1	1	1	0	1	1	1	0	0.2759576814984168	
1	0	0	1	0	1	0	0	0	0	0	1	1	0	0	0.0	
1	0	0	1	0	1	0	0	0	0	0	1	1	1	0	0.0	
1	0	0	1	0	1	0	0	0	1	0	0	0	0	0	0.0	
1	0	0	1	0	1	0	0	0	1	0	0	0	1	0	0.0	
1	0	0	1	0	1	0	0	0	1	0	0	1	0	0	0.0	
1	0	0	1	0	1	0	0	0	1	0	0	1	0	1	0.0	
1	0	0	1	0	1	0	0	0	1	0	0	1	1	0	0.0	
1	0	0	1	0	1	0	0	0	1	0	0	1	1	1	0.0	
1	0	0	1	0	1	0	0	0	1	0	1	0	0	0	0.0	
1	0	0	1	0	1	0	0	0	1	0	1	0	0	1	0.0	
1	0	0	1	0	1	0	0	0	1	0	1	0	1	0	0.0	
1	0	0	1	0	1	0	0	0	1	0	1	0	1	1	0.0	
1	0	0	1	0	1	0	0	0	1	0	1	1	0	0	0.0	
1	0	0	1	0	1	0	0	0	1	0	1	1	0	1	0.0	
1	0	0	1	0	1	0	0	0	1	0	1	1	1	0	0.0	
1	0	0	1	0	1	0	0	0	1	0	1	1	1	1	0.0	
1	0	0	1	0	1	0	0	0	1	1	0	1	0	0	0.0	
1	0	0	1	0	1	0	0	0	1	1	0	1	1	0	0.0	
1	0	0	1	0	1	0	0	0	1	1	1	0	1	0	0.028676723543627936	
1	0	0	1	0	1	0	0	0	1	1	1	1	0	0	0.17080251532824997	
1	0	0	1	0	1	0	0	0	1	1	1	1	0	1	0.1541293746016792	
1	0	0	1	0	1	0	0	0	1	1	1	1	1	0	0.14263865613885596	
1	0	0	1	0	1	0	0	0	1	1	1	1	1	1	0.10272640702791891	
1	0	0	1	0	1	0	0	1	0	0	1	1	0	0	0.0	
1	0	0	1	0	1	0	0	1	0	0	1	1	1	0	0.0	
1	0	0	1	0	1	0	0	1	1	0	0	0	0	0	0.0	
1	0	0	1	0	1	0	0	1	1	0	0	0	1	0	0.0	
1	0	0	1	0	1	0	0	1	1	0	0	1	0	0	0.0	
1	0	0	1	0	1	0	0	1	1	0	0	1	0	1	0.0	
1	0	0	1	0	1	0	0	1	1	0	0	1	1	0	0.0	
1	0	0	1	0	1	0	0	1	1	0	0	1	1	1	0.0	
1	0	0	1	0	1	0	0	1	1	0	1	0	0	0	0.011713191344706608	
1	0	0	1	0	1	0	0	1	1	0	1	0	0	1	0.0016083724308658676	
1	0	0	1	0	1	0	0	1	1	0	1	0	1	0	0.009603639270080566	
1	0	0	1	0	1	0	0	1	1	0	1	0	1	1	0.01267671273228177	
1	0	0	1	0	1	0	0	1	1	0	1	1	0	0	0.0020811315312102563	
1	0	0	1	0	1	0	0	1	1	0	1	1	0	1	0.03712681129629625	
1	0	0	1	0	1	0	0	1	1	0	1	1	1	0	0.023968103477195357	
1	0	0	1	0	1	0	0	1	1	0	1	1	1	1	0.00023216933357006475	
1	0	0	1	0	1	0	0	1	1	1	0	1	0	0	0.0	
1	0	0	1	0	1	0	0	1	1	1	1	1	0	0	0.27298076081691175	
1	0	0	1	0	1	0	0	1	1	1	1	1	0	1	0.27109160696008194	
1	0	0	1	0	1	0	0	1	1	1	1	1	1	0	0.26924292926189886	
1	0	0	1	0	1	0	0	1	1	1	1	1	1	1	0.2866489667883534	
1	0	0	1	0	1	0	1	0	1	0	0	0	1	0	0.0	
1	0	0	1	0	1	0	1	0	1	0	0	1	0	0	0.0	
1	0	0	1	0	1	0	1	0	1	0	0	1	1	0	0.0	
1	0	0	1	0	1	0	1	0	1	0	1	0	0	0	0.14486139283299526	
1	0	0	1	0	1	0	1	0	1	0	1	0	1	0	0.11376582278481018	
1	0	0	1	0	1	0	1	0	1	0	1	1	0	0	0.1743631792181013	
1	0	0	1	0	1	0	1	0	1	0	1	1	0	1	0.15218061727413157	
1	0	0	1	0	1	0	1	0	1	0	1	1	1	0	0.13926956564184056	
1	0	0	1	0	1	0	1	0	1	0	1	1	1	1	0.09642540337473149	
1	0	0	1	0	1	0	1	0	1	1	0	1	0	0	0.11484272608125823	
1	0	0	1	0	1	0	1	0	1	1	0	1	1	0	0.0	
1	0	0	1	0	1	0	1	0	1	1	1	1	0	0	0.3096918029801351	
1	0	0	1	0	1	0	1	0	1	1	1	1	1	0	0.3648985521995817	
1	0	0	1	0	1	0	1	1	0	0	1	1	0	0	0.18405976421150927	
1	0	0	1	0	1	0	1	1	0	0	1	1	1	0	0.19532950280418782	
1	0	0	1	0	1	0	1	1	1	0	0	0	0	0	0.0	
1	0	0	1	0	1	0	1	1	1	0	0	0	1	0	0.0	
1	0	0	1	0	1	0	1	1	1	0	0	1	0	0	0.0	
1	0	0	1	0	1	0	1	1	1	0	0	1	0	1	0.0	
1	0	0	1	0	1	0	1	1	1	0	0	1	1	0	0.0	
1	0	0	1	0	1	0	1	1	1	0	0	1	1	1	0.0	
1	0	0	1	0	1	0	1	1	1	0	1	0	0	0	0.26446637488612335	
1	0	0	1	0	1	0	1	1	1	0	1	0	1	0	0.30059429558532247	
1	0	0	1	0	1	0	1	1	1	0	1	1	0	0	0.2716973283969689	
1	0	0	1	0	1	0	1	1	1	0	1	1	0	1	0.23596106633016578	
1	0	0	1	0	1	0	1	1	1	0	1	1	1	0	0.26273183324009197	
1	0	0	1	0	1	0	1	1	1	0	1	1	1	1	0.25458272710560836	
1	0	0	1	0	1	0	1	1	1	1	0	1	0	0	0.2639113848241831	
1	0	0	1	0	1	0	1	1	1	1	0	1	1	0	0.2595340531944085	
1	0	0	1	0	1	0	1	1	1	1	1	0	0	0	0.3919507048675641	
1	0	0	1	0	1	0	1	1	1	1	1	1	0	0	0.3502028938906292	
1	0	0	1	0	1	0	1	1	1	1	1	1	1	0	0.3177350744987526	
1	0	0	1	0	1	0	1	1	1	1	1	1	1	1	0.3944219610452009	
1	0	0	1	0	1	1	0	0	1	0	1	1	0	0	0.0	
1	0	0	1	0	1	1	0	0	1	0	1	1	1	0	0.005979459418116062	
1	0	0	1	0	1	1	0	1	1	0	0	1	0	0	0.0	
1	0	0	1	0	1	1	0	1	1	0	0	1	1	0	0.0	
1	0	0	1	0	1	1	0	1	1	0	1	1	0	0	0.18813017238263885	
1	0	0	1	0	1	1	1	0	1	0	1	1	1	0	0.28978007761966373	
1	0	0	1	0	1	1	1	1	1	0	1	1	0	0	0.3148802224097857	
1	0	0	1	0	1	1	1	1	1	0	1	1	1	0	0.386658509367594	
1	0	0	1	1	0	0	0	0	1	0	1	1	0	0	0.0	
1	0	0	1	1	0	0	0	0	1	0	1	1	1	0	0.0	
1	0	0	1	1	0	0	0	1	1	0	0	1	1	0	0.0	
1	0	0	1	1	0	0	0	1	1	0	1	1	1	0	0.0014364973100371436	
1	0	0	1	1	0	0	1	0	1	0	1	1	1	0	0.0	
1	0	0	1	1	0	0	1	1	1	0	1	1	0	0	0.02626618084007204	
1	0	0	1	1	0	0	1	1	1	0	1	1	1	0	0.0	
1	0	0	1	1	1	0	0	0	1	0	1	1	0	0	0.0	
1	0	0	1	1	1	0	0	0	1	0	1	1	1	0	0.0	
1	0	0	1	1	1	0	1	1	1	0	1	1	1	0	0.0271306071269668	
1	0	1	0	0	0	0	0	0	1	0	0	1	0	0	0.0	
1	0	1	0	0	0	0	0	0	1	0	0	1	1	0	0.0	
1	0	1	0	0	0	0	0	0	1	0	1	0	0	0	0.0	
1	0	1	0	0	0	0	0	0	1	0	1	0	1	0	0.0	
1	0	1	0	0	0	0	0	0	1	0	1	1	0	0	0.0	
1	0	1	0	0	0	0	0	0	1	0	1	1	0	1	0.0	
1	0	1	0	0	0	0	0	0	1	0	1	1	1	0	0.0	
1	0	1	0	0	0	0	0	0	1	1	1	1	0	0	0.017537786115596976	
1	0	1	0	0	0	0	0	0	1	1	1	1	1	0	0.0	
1	0	1	0	0	0	0	0	1	1	0	0	1	0	0	0.0	
1	0	1	0	0	0	0	0	1	1	0	0	1	1	0	0.0	
1	0	1	0	0	0	0	0	1	1	0	1	0	0	0	0.0	
1	0	1	0	0	0	0	0	1	1	0	1	0	1	0	0.0	
1	0	1	0	0	0	0	0	1	1	0	1	1	0	0	0.0	
1	0	1	0	0	0	0	0	1	1	0	1	1	0	1	0.0	
1	0	1	0	0	0	0	0	1	1	0	1	1	1	0	0.0	
1	0	1	0	0	0	0	0	1	1	0	1	1	1	1	0.0	
1	0	1	0	0	0	0	0	1	1	1	1	1	0	0	0.18694951366373314	
1	0	1	0	0	0	0	0	1	1	1	1	1	1	0	0.17383233122242292	
1	0	1	0	0	0	0	1	0	1	0	1	1	0	0	0.009550956628820106	
1	0	1	0	0	0	0	1	0	1	0	1	1	1	0	0.006343642820033302	
1	0	1	0	0	0	0	1	1	1	0	0	1	0	0	0.0	
1	0	1	0	0	0	0	1	1	1	0	0	1	1	0	0.0	
1	0	1	0	0	0	0	1	1	1	0	1	1	0	0	0.19187926510792386	
1	0	1	0	0	0	0	1	1	1	0	1	1	1	0	0.17636380452695655	
1	0	1	0	0	0	0	1	1	1	1	1	1	1	0	0.3505666022212501	
1	0	1	0	0	1	0	0	0	1	0	0	1	0	0	0.0	
1	0	1	0	0	1	0	0	0	1	0	0	1	1	0	0.0	
1	0	1	0	0	1	0	0	0	1	0	1	0	0	0	0.0	
1	0	1	0	0	1	0	0	0	1	0	1	0	1	0	0.0	
1	0	1	0	0	1	0	0	0	1	0	1	1	0	0	0.0	
1	0	1	0	0	1	0	0	0	1	0	1	1	1	0	0.0	
1	0	1	0	0	1	0	0	0	1	1	1	1	0	0	0.11375263783854028	
1	0	1	0	0	1	0	0	0	1	1	1	1	1	0	0.17736758700114752	
1	0	1	0	0	1	0	0	1	1	0	0	1	0	0	0.0	
1	0	1	0	0	1	0	0	1	1	0	0	1	1	0	0.0	
1	0	1	0	0	1	0	0	1	1	0	1	0	0	0	0.030361626447203194	
1	0	1	0	0	1	0	0	1	1	0	1	0	1	0	0.019383329807488914	
1	0	1	0	0	1	0	0	1	1	0	1	1	0	0	0.0	
1	0	1	0	0	1	0	0	1	1	0	1	1	0	1	0.0	
1	0	1	0	0	1	0	0	1	1	0	1	1	1	0	0.016646975573904155	
1	0	1	0	0	1	0	0	1	1	0	1	1	1	1	0.026059949440231156	
1	0	1	0	0	1	0	0	1	1	1	1	1	0	0	0.2634607887522322	
1	0	1	0	0	1	0	0	1	1	1	1	1	1	0	0.2159982649313874	
1	0	1	0	0	1	0	1	0	1	0	1	1	1	0	0.19200546994877188	
1	0	1	0	0	1	0	1	1	1	0	1	1	0	0	0.2492132562651735	
1	0	1	0	0	1	0	1	1	1	0	1	1	1	0	0.24215045500207488	
1	0	1	1	0	0	0	0	0	0	0	1	1	0	0	0.0	
1	0	1	1	0	0	0	0	0	0	0	1	1	1	0	0.0	
1	0	1	1	0	0	0	0	0	1	0	0	0	0	0	0.0	
1	0	1	1	0	0	0	0	0	1	0	0	0	1	0	0.0	
1	0	1	1	0	0	0	0	0	1	0	0	1	0	0	0.0	
1	0	1	1	0	0	0	0	0	1	0	0	1	1	0	0.0	
1	0	1	1	0	0	0	0	0	1	0	0	1	1	1	0.0	
1	0	1	1	0	0	0	0	0	1	0	1	0	0	0	0.0	
1	0	1	1	0	0	0	0	0	1	0	1	0	0	1	0.0	
1	0	1	1	0	0	0	0	0	1	0	1	0	1	0	0.0	
1	0	1	1	0	0	0	0	0	1	0	1	0	1	1	0.0	
1	0	1	1	0	0	0	0	0	1	0	1	1	0	0	0.0	
1	0	1	1	0	0	0	0	0	1	0	1	1	0	1	0.0	
1	0	1	1	0	0	0	0	0	1	0	1	1	1	0	0.0	
1	0	1	1	0	0	0	0	0	1	0	1	1	1	1	0.0	
1	0	1	1	0	0	0	0	0	1	1	0	1	0	0	0.0	
1	0	1	1	0	0	0	0	0	1	1	0	1	1	0	0.0	
1	0	1	1	0	0	0	0	0	1	1	1	0	0	0	0.15901855890791483	
1	0	1	1	0	0	0	0	0	1	1	1	0	1	0	0.1541741391742898	
1	0	1	1	0	0	0	0	0	1	1	1	1	0	0	0.2432337140920472	
1	0	1	1	0	0	0	0	0	1	1	1	1	0	1	0.2318912167549907	
1	0	1	1	0	0	0	0	0	1	1	1	1	1	0	0.17711438869888174	
1	0	1	1	0	0	0	0	0	1	1	1	1	1	1	0.1748798076923077	
1	0	1	1	0	0	0	0	1	0	0	1	1	0	0	0.0	
1	0	1	1	0	0	0	0	1	0	0	1	1	1	0	0.0021802996879750625	
1	0	1	1	0	0	0	0	1	1	0	0	0	0	0	0.0	
1	0	1	1	0	0	0	0	1	1	0	0	0	1	0	0.0	
1	0	1	1	0	0	0	0	1	1	0	0	1	0	0	0.0	
1	0	1	1	0	0	0	0	1	1	0	0	1	0	1	0.0	
1	0	1	1	0	0	0	0	1	1	0	0	1	1	0	0.0	
1	0	1	1	0	0	0	0	1	1	0	0	1	1	1	0.0	
1	0	1	1	0	0	0	0	1	1	0	1	0	0	0	0.010666621108531782	
1	0	1	1	0	0	0	0	1	1	0	1	0	0	1	0.0	
1	0	1	1	0	0	0	0	1	1	0	1	0	1	0	0.018052593078365042	
1	0	1	1	0	0	0	0	1	1	0	1	0	1	1	0.02319434653577357	
1	0	1	1	0	0	0	0	1	1	0	1	1	0	0	0.14023407548025513	
1	0	1	1	0	0	0	0	1	1	0	1	1	0	1	0.09771335257535951	
1	0	1	1	0	0	0	0	1	1	0	1	1	1	0	0.049961682122106055	
1	0	1	1	0	0	0	0	1	1	0	1	1	1	1	0.0	
1	0	1	1	0	0	0	0	1	1	1	0	1	0	0	0.008300782042825472	
1	0	1	1	0	0	0	0	1	1	1	0	1	1	0	0.004540625772940787	
1	0	1	1	0	0	0	0	1	1	1	1	0	0	0	0.40624472172510107	
1	0	1	1	0	0	0	0	1	1	1	1	0	1	0	0.2684059550887638	
1	0	1	1	0	0	0	0	1	1	1	1	1	0	0	0.3917818598093383	
1	0	1	1	0	0	0	0	1	1	1	1	1	0	1	0.356850226801302	
1	0	1	1	0	0	0	0	1	1	1	1	1	1	0	0.39318543418048935	
1	0	1	1	0	0	0	0	1	1	1	1	1	1	1	0.26588999665926155	
1	0	1	1	0	0	0	1	0	1	0	0	1	0	0	0.003641651614320396	
1	0	1	1	0	0	0	1	0	1	0	0	1	1	0	0.0	
1	0	1	1	0	0	0	1	0	1	0	1	0	1	0	0.18462717359269076	
1	0	1	1	0	0	0	1	0	1	0	1	1	0	0	0.2566327876985667	
1	0	1	1	0	0	0	1	0	1	0	1	1	1	0	0.2001685591356792	
1	0	1	1	0	0	0	1	0	1	1	0	1	1	0	0.15509345994880086	
1	0	1	1	0	0	0	1	0	1	1	1	1	0	0	0.3783581824233185	
1	0	1	1	0	0	0	1	0	1	1	1	1	1	0	0.3520112263209434	
1	0	1	1	0	0	0	1	1	1	0	0	0	0	0	0.0	
1	0	1	1	0	0	0	1	1	1	0	0	0	1	0	0.006452537998279384	
1	0	1	1	0	0	0	1	1	1	0	0	1	0	0	0.0	
1	0	1	1	0	0	0	1	1	1	0	0	1	1	0	0.0	
1	0	1	1	0	0	0	1	1	1	0	1	0	0	0	0.3813744028632747	
1	0	1	1	0	0	0	1	1	1	0	1	0	1	0	0.25316589717744215	
1	0	1	1	0	0	0	1	1	1	0	1	1	0	0	0.3898621577867016	
1	0	1	1	0	0	0	1	1	1	0	1	1	0	1	0.3695344268037062	
1	0	1	1	0	0	0	1	1	1	0	1	1	1	0	0.38454714232039705	
1	0	1	1	0	0	0	1	1	1	0	1	1	1	1	0.26839611658813656	
1	0	1	1	0	0	0	1	1	1	1	0	1	0	0	0.2747833177165922	
1	0	1	1	0	0	0	1	1	1	1	0	1	1	0	0.2629568752508191	
1	0	1	1	0	0	0	1	1	1	1	1	0	1	0	0.36305770437330653	
1	0	1	1	0	0	0	1	1	1	1	1	1	0	0	0.3853848172088796	
1	0	1	1	0	0	0	1	1	1	1	1	1	1	0	0.36682799287561524	
1	0	1	1	0	0	1	0	0	1	0	1	1	0	0	0.0017517178859578486	
1	0	1	1	0	0	1	0	0	1	0	1	1	1	0	0.004034610751928458	
1	0	1	1	0	0	1	0	1	1	0	0	1	1	0	0.00939090584677793	
1	0	1	1	0	0	1	0	1	1	0	1	1	0	0	0.2344033534710146	
1	0	1	1	0	0	1	0	1	1	0	1	1	1	0	0.2001760630734729	
1	0	1	1	0	0	1	1	1	1	0	1	1	0	0	0.38397792604486775	
1	0	1	1	0	0	1	1	1	1	0	1	1	1	0	0.3175935550935551	
1	0	1	1	0	1	0	0	0	0	0	1	1	0	0	0.0	
1	0	1	1	0	1	0	0	0	0	0	1	1	1	0	0.0	
1	0	1	1	0	1	0	0	0	1	0	0	0	0	0	0.0	
1	0	1	1	0	1	0	0	0	1	0	0	0	1	0	0.0	
1	0	1	1	0	1	0	0	0	1	0	0	1	0	0	0.0	
1	0	1	1	0	1	0	0	0	1	0	0	1	0	1	0.0	
1	0	1	1	0	1	0	0	0	1	0	0	1	1	0	0.0	
1	0	1	1	0	1	0	0	0	1	0	1	0	0	0	0.02166160382122828	
1	0	1	1	0	1	0	0	0	1	0	1	0	1	0	0.0016588454066824854	
1	0	1	1	0	1	0	0	0	1	0	1	1	0	0	0.1580262173811261	
1	0	1	1	0	1	0	0	0	1	0	1	1	1	0	0.023701938856171112	
1	0	1	1	0	1	0	0	0	1	0	1	1	1	1	0.015710207422205524	
1	0	1	1	0	1	0	0	0	1	1	0	1	0	0	0.0020447679570700927	
1	0	1	1	0	1	0	0	0	1	1	0	1	1	0	0.03451447095045013	
1	0	1	1	0	1	0	0	0	1	1	1	0	0	0	0.2358704345507865	
1	0	1	1	0	1	0	0	0	1	1	1	0	1	0	0.27117976623051177	
1	0	1	1	0	1	0	0	0	1	1	1	1	0	0	0.40494146800414116	
1	0	1	1	0	1	0	0	0	1	1	1	1	1	0	0.38206791763601766	
1	0	1	1	0	1	0	0	0	1	1	1	1	1	1	0.28918772423405514	
1	0	1	1	0	1	0	0	1	0	0	1	1	0	0	0.15858257106501483	
1	0	1	1	0	1	0	0	1	0	0	1	1	1	0	0.13927692767179067	
1	0	1	1	0	1	0	0	1	1	0	0	0	0	0	0.0	
1	0	1	1	0	1	0	0	1	1	0	0	0	1	0	0.0	
1	0	1	1	0	1	0	0	1	1	0	0	1	0	0	0.0	
1	0	1	1	0	1	0	0	1	1	0	0	1	0	1	0.0	
1	0	1	1	0	1	0	0	1	1	0	0	1	1	0	0.0	
1	0	1	1	0	1	0	0	1	1	0	0	1	1	1	0.0	
1	0	1	1	0	1	0	0	1	1	0	1	0	0	0	0.24101756136271169	
1	0	1	1	0	1	0	0	1	1	0	1	0	0	1	0.1908224910872014	
1	0	1	1	0	1	0	0	1	1	0	1	0	1	0	0.21182790381178151	
1	0	1	1	0	1	0	0	1	1	0	1	0	1	1	0.13922652403597235	
1	0	1	1	0	1	0	0	1	1	0	1	1	0	0	0.2663485582006533	
1	0	1	1	0	1	0	0	1	1	0	1	1	0	1	0.2719010289087761	
1	0	1	1	0	1	0	0	1	1	0	1	1	1	0	0.27863479173560946	
1	0	1	1	0	1	0	0	1	1	0	1	1	1	1	0.2106340796214109	
1	0	1	1	0	1	0	0	1	1	1	0	1	0	0	0.22474049661272377	
1	0	1	1	0	1	0	0	1	1	1	0	1	1	0	0.1746534653465347	
1	0	1	1	0	1	0	0	1	1	1	1	0	0	0	0.3653980437298199	
1	0	1	1	0	1	0	0	1	1	1	1	0	1	0	0.35409629758765715	
1	0	1	1	0	1	0	0	1	1	1	1	1	0	0	0.33781960119132237	
1	0	1	1	0	1	0	0	1	1	1	1	1	0	1	0.3669166699561836	
1	0	1	1	0	1	0	0	1	1	1	1	1	1	0	0.3787334250714337	
1	0	1	1	0	1	0	0	1	1	1	1	1	1	1	0.39139085916002503	
1	0	1	1	0	1	0	1	0	1	0	0	1	1	0	0.0	
1	0	1	1	0	1	0	1	0	1	0	1	0	0	0	0.29718530415579203	
1	0	1	1	0	1	0	1	0	1	0	1	0	1	0	0.2576643197467155	
1	0	1	1	0	1	0	1	0	1	0	1	1	0	0	0.3980563381388418	
1	0	1	1	0	1	0	1	0	1	0	1	1	1	0	0.3863029297512188	
1	0	1	1	0	1	0	1	0	1	1	1	1	0	0	0.3760390938305049	
1	0	1	1	0	1	0	1	0	1	1	1	1	1	0	0.36664092852950225	
1	0	1	1	0	1	0	1	1	1	0	0	1	0	0	0.22023587753895957	
1	0	1	1	0	1	0	1	1	1	0	0	1	1	0	0.19055784482846394	
1	0	1	1	0	1	0	1	1	1	0	1	0	0	0	0.38063285134494085	
1	0	1	1	0	1	0	1	1	1	0	1	0	1	0	0.35355056565710313	
1	0	1	1	0	1	0	1	1	1	0	1	1	0	0	0.3404281620611545	
1	0	1	1	0	1	0	1	1	1	0	1	1	0	1	0.3790044170230667	
1	0	1	1	0	1	0	1	1	1	0	1	1	1	0	0.36022653480175704	
1	0	1	1	0	1	0	1	1	1	0	1	1	1	1	0.40248144407429776	
1	0	1	1	0	1	0	1	1	1	1	0	1	1	0	0.38266949994385274	
1	0	1	1	0	1	0	1	1	1	1	1	1	0	0	0.21450631752152607	
1	0	1	1	0	1	0	1	1	1	1	1	1	1	0	0.28997516492894104	
1	0	1	1	0	1	1	0	0	1	0	1	1	0	0	0.18715359369234652	
1	0	1	1	0	1	1	0	0	1	0	1	1	1	0	0.2391979078850025	
1	0	1	1	0	1	1	0	1	1	0	1	1	0	0	0.38289355556958793	
1	0	1	1	0	1	1	0	1	1	0	1	1	1	0	0.39046640362187474	
1	0	1	1	1	0	0	0	0	1	0	1	1	0	0	0.0	
1	0	1	1	1	0	0	0	0	1	0	1	1	1	0	0.0	
1	0	1	1	1	0	0	0	1	1	0	1	1	0	0	0.0	
1	0	1	1	1	0	0	0	1	1	0	1	1	1	0	0.0	
1	0	1	1	1	1	0	0	0	1	0	1	1	0	0	0.0	
1	0	1	1	1	1	0	0	0	1	0	1	1	1	0	0.0	
1	0	1	1	1	1	0	0	1	1	0	1	1	0	0	0.02140516318887109	
1	0	1	1	1	1	0	0	1	1	0	1	1	1	0	0.03981648526335979	
1	1	0	0	0	0	0	0	0	1	0	0	1	0	0	0.0	
1	1	0	0	0	0	0	0	0	1	0	0	1	1	0	0.0	
1	1	0	0	0	0	0	0	0	1	0	1	0	0	0	0.0	
1	1	0	0	0	0	0	0	0	1	0	1	0	1	0	0.0	
1	1	0	0	0	0	0	0	0	1	0	1	1	0	0	0.0	
1	1	0	0	0	0	0	0	0	1	0	1	1	1	0	0.0	
1	1	0	0	0	0	0	0	0	1	0	1	1	1	1	0.0	
1	1	0	0	0	0	0	0	0	1	1	1	1	0	0	0.12733917977343323	
1	1	0	0	0	0	0	0	0	1	1	1	1	1	0	0.04691134212664705	
1	1	0	0	0	0	0	0	1	1	0	0	0	1	0	0.0	
1	1	0	0	0	0	0	0	1	1	0	0	1	0	0	0.0	
1	1	0	0	0	0	0	0	1	1	0	0	1	1	0	0.0	
1	1	0	0	0	0	0	0	1	1	0	1	0	0	0	0.0	
1	1	0	0	0	0	0	0	1	1	0	1	0	1	0	0.0	
1	1	0	0	0	0	0	0	1	1	0	1	1	0	0	0.0	
1	1	0	0	0	0	0	0	1	1	0	1	1	0	1	0.0	
1	1	0	0	0	0	0	0	1	1	0	1	1	1	0	0.0	
1	1	0	0	0	0	0	0	1	1	0	1	1	1	1	0.0	
1	1	0	0	0	0	0	0	1	1	1	0	1	0	0	0.0	
1	1	0	0	0	0	0	0	1	1	1	0	1	1	0	0.0	
1	1	0	0	0	0	0	0	1	1	1	1	1	0	0	0.27281856109127756	
1	1	0	0	0	0	0	0	1	1	1	1	1	1	0	0.23867343616141912	
1	1	0	0	0	0	0	1	0	1	0	0	1	0	0	0.0	
1	1	0	0	0	0	0	1	0	1	0	1	1	0	0	0.1574027675757248	
1	1	0	0	0	0	0	1	0	1	0	1	1	1	0	0.0	
1	1	0	0	0	0	0	1	0	1	1	1	1	0	0	0.4143181607490498	
1	1	0	0	0	0	0	1	0	1	1	1	1	1	0	0.3226346603515193	
1	1	0	0	0	0	0	1	1	1	0	0	1	0	0	0.0	
1	1	0	0	0	0	0	1	1	1	0	0	1	1	0	0.0	
1	1	0	0	0	0	0	1	1	1	0	1	0	0	0	0.239689578713969	
1	1	0	0	0	0	0	1	1	1	0	1	0	1	0	0.20523293827642952	
1	1	0	0	0	0	0	1	1	1	0	1	1	0	0	0.24941689103164	
1	1	0	0	0	0	0	1	1	1	0	1	1	1	0	0.2734793883354619	
1	1	0	0	0	0	0	1	1	1	0	1	1	1	1	0.21158702525409345	
1	1	0	0	0	0	0	1	1	1	1	1	1	0	0	0.3378999502498645	
1	1	0	0	0	0	0	1	1	1	1	1	1	1	0	0.41245414674505954	
1	1	0	0	0	0	1	0	1	1	0	1	1	0	0	0.1123853316156953	
1	1	0	0	0	0	1	0	1	1	0	1	1	1	0	0.03534143806209611	
1	1	0	0	0	1	0	0	0	1	0	0	1	0	0	0.0	
1	1	0	0	0	1	0	0	0	1	0	0	1	1	0	0.0	
1	1	0	0	0	1	0	0	0	1	0	1	0	0	0	0.0	
1	1	0	0	0	1	0	0	0	1	0	1	0	1	0	0.0	
1	1	0	0	0	1	0	0	0	1	0	1	1	0	0	0.0	
1	1	0	0	0	1	0	0	0	1	0	1	1	1	0	0.0	
1	1	0	0	0	1	0	0	0	1	0	1	1	1	1	0.0	
1	1	0	0	0	1	0	0	0	1	1	1	1	0	0	0.2931484514509445	
1	1	0	0	0	1	0	0	0	1	1	1	1	1	0	0.24508385366666907	
1	1	0	0	0	1	0	0	1	1	0	0	1	0	0	0.0	
1	1	0	0	0	1	0	0	1	1	0	0	1	1	0	0.0	
1	1	0	0	0	1	0	0	1	1	0	1	0	0	0	0.14065402817521466	
1	1	0	0	0	1	0	0	1	1	0	1	0	1	0	0.0	
1	1	0	0	0	1	0	0	1	1	0	1	1	0	0	0.18547066291479863	
1	1	0	0	0	1	0	0	1	1	0	1	1	0	1	0.1789696437263305	
1	1	0	0	0	1	0	0	1	1	0	1	1	1	0	0.13911752295558022	
1	1	0	0	0	1	0	0	1	1	0	1	1	1	1	0.10547833497556658	
1	1	0	0	0	1	0	0	1	1	1	1	1	0	0	0.3568744562671485	
1	1	0	0	0	1	0	0	1	1	1	1	1	1	0	0.4032780200392796	
1	1	0	0	0	1	0	1	0	1	0	1	1	0	0	0.2760669753765511	
1	1	0	0	0	1	0	1	0	1	0	1	1	1	0	0.23176226056553384	
1	1	0	0	0	1	0	1	1	1	0	0	1	0	0	0.14394558632350807	
1	1	0	0	0	1	0	1	1	1	0	0	1	1	0	0.0	
1	1	0	0	0	1	0	1	1	1	0	1	1	0	0	0.3321868606265384	
1	1	0	0	0	1	0	1	1	1	0	1	1	1	0	0.3969871508952338	
1	1	0	0	0	1	0	1	1	1	1	1	1	0	0	0.2560675099103187	
1	1	0	0	0	1	0	1	1	1	1	1	1	1	0	0.369724596734156	
1	1	0	1	0	0	0	0	0	0	0	1	1	0	0	0.0	
1	1	0	1	0	0	0	0	0	0	0	1	1	1	0	0.0	
1	1	0	1	0	0	0	0	0	1	0	0	0	0	0	0.0	
1	1	0	1	0	0	0	0	0	1	0	0	0	1	0	0.0	
1	1	0	1	0	0	0	0	0	1	0	0	1	0	0	0.0	
1	1	0	1	0	0	0	0	0	1	0	0	1	0	1	0.0	
1	1	0	1	0	0	0	0	0	1	0	0	1	1	0	0.0	
1	1	0	1	0	0	0	0	0	1	0	0	1	1	1	0.0	
1	1	0	1	0	0	0	0	0	1	0	1	0	0	0	0.0	
1	1	0	1	0	0	0	0	0	1	0	1	0	1	0	0.0	
1	1	0	1	0	0	0	0	0	1	0	1	1	0	0	0.0	
1	1	0	1	0	0	0	0	0	1	0	1	1	0	1	0.0045155881650577046	
1	1	0	1	0	0	0	0	0	1	0	1	1	1	0	0.012202056102955328	
1	1	0	1	0	0	0	0	0	1	0	1	1	1	1	0.0	
1	1	0	1	0	0	0	0	0	1	1	0	1	0	0	0.0	
1	1	0	1	0	0	0	0	0	1	1	0	1	1	0	0.0	
1	1	0	1	0	0	0	0	0	1	1	1	0	0	0	0.26194468299731466	
1	1	0	1	0	0	0	0	0	1	1	1	0	1	0	0.28414617380694607	
1	1	0	1	0	0	0	0	0	1	1	1	1	0	0	0.2505296284688936	
1	1	0	1	0	0	0	0	0	1	1	1	1	0	1	0.2876210805180318	
1	1	0	1	0	0	0	0	0	1	1	1	1	1	0	0.26544384629650053	
1	1	0	1	0	0	0	0	0	1	1	1	1	1	1	0.2894991834045484	
1	1	0	1	0	0	0	0	1	0	0	0	1	0	0	0.0	
1	1	0	1	0	0	0	0	1	0	0	0	1	1	0	0.0	
1	1	0	1	0	0	0	0	1	0	0	1	1	0	0	0.010430253197681427	
1	1	0	1	0	0	0	0	1	0	0	1	1	1	0	0.016790487228122708	
1	1	0	1	0	0	0	0	1	0	1	1	1	1	0	0.2528842403349484	
1	1	0	1	0	0	0	0	1	1	0	0	0	0	0	0.0	
1	1	0	1	0	0	0	0	1	1	0	0	0	1	0	0.0	
1	1	0	1	0	0	0	0	1	1	0	0	1	0	0	0.0	
1	1	0	1	0	0	0	0	1	1	0	0	1	0	1	0.0	
1	1	0	1	0	0	0	0	1	1	0	0	1	1	0	0.0	
1	1	0	1	0	0	0	0	1	1	0	0	1	1	1	0.0	
1	1	0	1	0	0	0	0	1	1	0	1	0	0	0	0.15519565231721955	
1	1	0	1	0	0	0	0	1	1	0	1	0	0	1	0.15460262431662386	
1	1	0	1	0	0	0	0	1	1	0	1	0	1	0	0.16865916143324367	
1	1	0	1	0	0	0	0	1	1	0	1	0	1	1	0.14825134097831716	
1	1	0	1	0	0	0	0	1	1	0	1	1	0	0	0.20621417317149837	
1	1	0	1	0	0	0	0	1	1	0	1	1	0	1	0.11667629254542489	
1	1	0	1	0	0	0	0	1	1	0	1	1	1	0	0.11627014186182971	
1	1	0	1	0	0	0	0	1	1	0	1	1	1	1	0.16881721742739608	
1	1	0	1	0	0	0	0	1	1	1	0	0	1	0	0.021095297681286485	
1	1	0	1	0	0	0	0	1	1	1	0	1	0	0	0.15860513296262058	
1	1	0	1	0	0	0	0	1	1	1	0	1	1	0	0.1402913020752672	
1	1	0	1	0	0	0	0	1	1	1	1	0	0	0	0.33583240689994415	
1	1	0	1	0	0	0	0	1	1	1	1	0	1	0	0.38333427440840445	
1	1	0	1	0	0	0	0	1	1	1	1	1	0	0	0.34450412147082227	
1	1	0	1	0	0	0	0	1	1	1	1	1	0	1	0.3794876851380946	
1	1	0	1	0	0	0	0	1	1	1	1	1	1	0	0.35431061614209947	
1	1	0	1	0	0	0	0	1	1	1	1	1	1	1	0.34246202220858424	
1	1	0	1	0	0	0	1	0	0	0	1	1	1	0	0.19417168197655998	
1	1	0	1	0	0	0	1	0	1	0	0	0	0	0	0.0	
1	1	0	1	0	0	0	1	0	1	0	0	0	1	0	0.0	
1	1	0	1	0	0	0	1	0	1	0	0	1	0	0	0.008627575326801584	
1	1	0	1	0	0	0	1	0	1	0	0	1	1	0	0.0	
1	1	0	1	0	0	0	1	0	1	0	1	0	0	0	0.2803227130257937	
1	1	0	1	0	0	0	1	0	1	0	1	0	1	0	0.26714059705599125	
1	1	0	1	0	0	0	1	0	1	0	1	1	0	0	0.2702710414257834	
1	1	0	1	0	0	0	1	0	1	0	1	1	0	1	0.27348711326096486	
1	1	0	1	0	0	0	1	0	1	0	1	1	1	0	0.25542953784469347	
1	1	0	1	0	0	0	1	0	1	1	0	1	0	0	0.27874970103687446	
1	1	0	1	0	0	0	1	0	1	1	0	1	1	0	0.2398184746010833	
1	1	0	1	0	0	0	1	0	1	1	1	0	0	0	0.33437944904572475	
1	1	0	1	0	0	0	1	0	1	1	1	0	1	0	0.3978366919520854	
1	1	0	1	0	0	0	1	0	1	1	1	1	0	0	0.27309211172245845	
1	1	0	1	0	0	0	1	0	1	1	1	1	1	0	0.3354123902465129	
1	1	0	1	0	0	0	1	1	0	0	1	1	0	0	0.26819837055314183	
1	1	0	1	0	0	0	1	1	0	0	1	1	1	0	0.27479526842584173	
1	1	0	1	0	0	0	1	1	1	0	0	0	0	0	0.16157402579344393	
1	1	0	1	0	0	0	1	1	1	0	0	0	1	0	0.02503456945317406	
1	1	0	1	0	0	0	1	1	1	0	0	1	0	0	0.18176461768593166	
1	1	0	1	0	0	0	1	1	1	0	0	1	0	1	0.15493495521212008	
1	1	0	1	0	0	0	1	1	1	0	0	1	1	0	0.13829131943777295	
1	1	0	1	0	0	0	1	1	1	0	0	1	1	1	0.147423701563829	
1	1	0	1	0	0	0	1	1	1	0	1	0	0	0	0.3631646881014165	
1	1	0	1	0	0	0	1	1	1	0	1	0	1	0	0.3491058329123495	
1	1	0	1	0	0	0	1	1	1	0	1	0	1	1	0.38747858148648723	
1	1	0	1	0	0	0	1	1	1	0	1	1	0	0	0.3515809233271073	
1	1	0	1	0	0	0	1	1	1	0	1	1	0	1	0.34604408749145593	
1	1	0	1	0	0	0	1	1	1	0	1	1	1	0	0.3571590989949248	
1	1	0	1	0	0	0	1	1	1	0	1	1	1	1	0.3503372556011173	
1	1	0	1	0	0	0	1	1	1	1	0	1	0	0	0.37241098016567703	
1	1	0	1	0	0	0	1	1	1	1	0	1	1	0	0.39830203930383506	
1	1	0	1	0	0	0	1	1	1	1	1	0	0	0	0.2473096039918761	
1	1	0	1	0	0	0	1	1	1	1	1	0	1	0	0.30056393698321776	
1	1	0	1	0	0	0	1	1	1	1	1	1	0	0	0.2865360050935022	
1	1	0	1	0	0	0	1	1	1	1	1	1	0	1	0.23425812593499254	
1	1	0	1	0	0	0	1	1	1	1	1	1	1	0	0.25524475581857153	
1	1	0	1	0	0	0	1	1	1	1	1	1	1	1	0.2934297269428974	
1	1	0	1	0	0	1	0	0	1	0	0	1	1	0	0.0	
1	1	0	1	0	0	1	0	0	1	0	1	1	0	0	0.1814224777779765	
1	1	0	1	0	0	1	0	0	1	0	1	1	1	0	0.15028328762118104	
1	1	0	1	0	0	1	0	1	1	0	0	1	0	0	0.013613168039493084	
1	1	0	1	0	0	1	0	1	1	0	0	1	1	0	0.001693443591463506	
1	1	0	1	0	0	1	0	1	1	0	1	0	0	0	0.26258117147984983	
1	1	0	1	0	0	1	0	1	1	0	1	1	0	0	0.24348296436266603	
1	1	0	1	0	0	1	0	1	1	0	1	1	1	0	0.26635097374992844	
1	1	0	1	0	0	1	0	1	1	1	1	1	0	0	0.3000036592505855	
1	1	0	1	0	0	1	1	0	1	0	1	1	0	0	0.3827129232148018	
1	1	0	1	0	0	1	1	0	1	0	1	1	1	0	0.4155128387005249	
1	1	0	1	0	0	1	1	1	1	0	1	1	0	0	0.30967319332970306	
1	1	0	1	0	0	1	1	1	1	0	1	1	1	0	0.3426965304869971	
1	1	0	1	0	1	0	0	0	0	0	1	1	0	0	0.0	
1	1	0	1	0	1	0	0	0	0	0	1	1	1	0	0.0	
1	1	0	1	0	1	0	0	0	1	0	0	0	0	0	0.0	
1	1	0	1	0	1	0	0	0	1	0	0	0	1	0	0.0	
1	1	0	1	0	1	0	0	0	1	0	0	1	0	0	0.0	
1	1	0	1	0	1	0	0	0	1	0	0	1	0	1	0.0	
1	1	0	1	0	1	0	0	0	1	0	0	1	1	0	0.0	
1	1	0	1	0	1	0	0	0	1	0	0	1	1	1	0.0	
1	1	0	1	0	1	0	0	0	1	0	1	0	0	0	0.16788155586135234	
1	1	0	1	0	1	0	0	0	1	0	1	0	1	0	0.13032246674443748	
1	1	0	1	0	1	0	0	0	1	0	1	0	1	1	0.12180047564980545	
1	1	0	1	0	1	0	0	0	1	0	1	1	0	0	0.17920282615690375	
1	1	0	1	0	1	0	0	0	1	0	1	1	1	0	0.1633585108428779	
1	1	0	1	0	1	0	0	0	1	0	1	1	1	1	0.16790628158798993	
1	1	0	1	0	1	0	0	0	1	1	0	1	0	0	0.16876369744907616	
1	1	0	1	0	1	0	0	0	1	1	0	1	1	0	0.14818064224892535	
1	1	0	1	0	1	0	0	0	1	1	1	0	0	0	0.30143203367135396	
1	1	0	1	0	1	0	0	0	1	1	1	0	1	0	0.3722798380723124	
1	1	0	1	0	1	0	0	0	1	1	1	1	0	0	0.3492240391756503	
1	1	0	1	0	1	0	0	0	1	1	1	1	0	1	0.38079978408528636	
1	1	0	1	0	1	0	0	0	1	1	1	1	1	0	0.3340727547582852	
1	1	0	1	0	1	0	0	0	1	1	1	1	1	1	0.39242179468350713	
1	1	0	1	0	1	0	0	1	0	0	1	1	0	0	0.2696217103970705	
1	1	0	1	0	1	0	0	1	0	0	1	1	1	0	0.17107220437402026	
1	1	0	1	0	1	0	0	1	1	0	0	0	0	0	0.0	
1	1	0	1	0	1	0	0	1	1	0	0	0	1	0	0.0	
1	1	0	1	0	1	0	0	1	1	0	0	1	0	0	0.02157077863147916	
1	1	0	1	0	1	0	0	1	1	0	0	1	0	1	0.01465804821873029	
1	1	0	1	0	1	0	0	1	1	0	0	1	1	0	0.024843324707906733	
1	1	0	1	0	1	0	0	1	1	0	0	1	1	1	0.0	
1	1	0	1	0	1	0	0	1	1	0	1	0	0	0	0.2627979978570672	
1	1	0	1	0	1	0	0	1	1	0	1	0	0	1	0.29070570295953924	
1	1	0	1	0	1	0	0	1	1	0	1	0	1	0	0.26229336746922394	
1	1	0	1	0	1	0	0	1	1	0	1	0	1	1	0.25597243659727187	
1	1	0	1	0	1	0	0	1	1	0	1	1	0	0	0.3905573993062025	
1	1	0	1	0	1	0	0	1	1	0	1	1	0	1	0.2687899401655943	
1	1	0	1	0	1	0	0	1	1	0	1	1	1	0	0.25787830149582414	
1	1	0	1	0	1	0	0	1	1	0	1	1	1	1	0.26858877461343744	
1	1	0	1	0	1	0	0	1	1	1	0	1	0	0	0.26391184930540124	
1	1	0	1	0	1	0	0	1	1	1	0	1	1	0	0.2698773294241209	
1	1	0	1	0	1	0	0	1	1	1	1	0	0	0	0.34955664393866637	
1	1	0	1	0	1	0	0	1	1	1	1	0	1	0	0.3399299922314075	
1	1	0	1	0	1	0	0	1	1	1	1	1	0	0	0.384166451491749	
1	1	0	1	0	1	0	0	1	1	1	1	1	0	1	0.34582087716523974	
1	1	0	1	0	1	0	0	1	1	1	1	1	1	0	0.3534896075679223	
1	1	0	1	0	1	0	0	1	1	1	1	1	1	1	0.32194871648003365	
1	1	0	1	0	1	0	1	0	1	0	0	1	0	0	0.1722832406693866	
1	1	0	1	0	1	0	1	0	1	0	0	1	1	0	0.14825242096059144	
1	1	0	1	0	1	0	1	0	1	0	1	0	0	0	0.3440321769733534	
1	1	0	1	0	1	0	1	0	1	0	1	0	1	0	0.37829785402506083	
1	1	0	1	0	1	0	1	0	1	0	1	1	0	0	0.350324731986494	
1	1	0	1	0	1	0	1	0	1	0	1	1	0	1	0.34706300893351255	
1	1	0	1	0	1	0	1	0	1	0	1	1	1	0	0.3562917463618353	
1	1	0	1	0	1	0	1	0	1	1	0	1	1	0	0.40138103334605646	
1	1	0	1	0	1	0	1	0	1	1	1	1	0	0	0.3012516209376589	
1	1	0	1	0	1	0	1	0	1	1	1	1	1	0	0.2613151953769486	
1	1	0	1	0	1	0	1	1	0	0	1	1	1	0	0.34319094846525644	
1	1	0	1	0	1	0	1	1	1	0	0	0	0	0	0.24237704532631188	
1	1	0	1	0	1	0	1	1	1	0	0	0	1	0	0.23519916988528278	
1	1	0	1	0	1	0	1	1	1	0	0	1	0	0	0.24187567473110616	
1	1	0	1	0	1	0	1	1	1	0	0	1	1	0	0.27101686481280485	
1	1	0	1	0	1	0	1	1	1	0	1	0	0	0	0.36079144301398725	
1	1	0	1	0	1	0	1	1	1	0	1	0	1	0	0.32794352947069394	
1	1	0	1	0	1	0	1	1	1	0	1	1	0	0	0.3707120979577063	
1	1	0	1	0	1	0	1	1	1	0	1	1	0	1	0.35362504149343255	
1	1	0	1	0	1	0	1	1	1	0	1	1	1	0	0.3549863913579746	
1	1	0	1	0	1	0	1	1	1	0	1	1	1	1	0.34914459787013685	
1	1	0	1	0	1	0	1	1	1	1	0	1	0	0	0.3452116928813034	
1	1	0	1	0	1	0	1	1	1	1	0	1	1	0	0.3177628317220978	
1	1	0	1	0	1	0	1	1	1	1	1	0	0	0	0.21245028668423285	
1	1	0	1	0	1	0	1	1	1	1	1	0	1	0	0.18703512668717454	
1	1	0	1	0	1	0	1	1	1	1	1	1	0	0	0.22254523920236988	
1	1	0	1	0	1	0	1	1	1	1	1	1	1	0	0.22803915301876707	
1	1	0	1	0	1	1	0	0	1	0	1	1	0	0	0.229793649517962	
1	1	0	1	0	1	1	0	0	1	0	1	1	1	0	0.2836971711475633	
1	1	0	1	0	1	1	0	1	1	0	0	1	1	0	0.13441905687894995	
1	1	0	1	0	1	1	0	1	1	0	1	1	0	0	0.3431596453661524	
1	1	0	1	0	1	1	0	1	1	0	1	1	1	0	0.3802954588026443	
1	1	0	1	0	1	1	1	1	1	0	1	1	0	0	0.2791346640384862	
1	1	0	1	0	1	1	1	1	1	0	1	1	1	0	0.2653952831891812	
1	1	0	1	1	0	0	0	0	1	0	1	1	0	0	0.0	
1	1	0	1	1	0	0	0	0	1	0	1	1	1	0	0.0	
1	1	0	1	1	0	0	0	1	1	0	0	1	1	0	0.0	
1	1	0	1	1	0	0	0	1	1	0	1	1	0	0	0.017387209279197013	
1	1	0	1	1	0	0	0	1	1	0	1	1	1	0	0.014642273965952524	
1	1	0	1	1	0	0	1	1	1	0	1	1	0	0	0.2232225871318504	
1	1	0	1	1	0	0	1	1	1	0	1	1	1	0	0.262186184313114	
1	1	0	1	1	1	0	0	0	1	0	1	1	0	0	0.0	
1	1	0	1	1	1	0	0	0	1	0	1	1	1	0	0.0	
1	1	0	1	1	1	0	0	1	1	0	1	1	0	0	0.16818626144139348	
1	1	0	1	1	1	0	0	1	1	0	1	1	1	0	0.11535048802129555	
1	1	1	0	0	0	0	0	0	1	0	0	1	0	0	0.0	
1	1	1	0	0	0	0	0	0	1	0	0	1	1	0	0.0	
1	1	1	0	0	0	0	0	0	1	0	1	0	0	0	0.013839718595794803	
1	1	1	0	0	0	0	0	0	1	0	1	0	1	0	0.014555141225973678	
1	1	1	0	0	0	0	0	0	1	0	1	1	1	0	0.0009637073264384677	
1	1	1	0	0	0	0	0	0	1	1	1	1	0	0	0.2550694358243386	
1	1	1	0	0	0	0	0	0	1	1	1	1	1	0	0.27127158112474137	
1	1	1	0	0	0	0	0	1	1	0	0	1	0	0	0.0	
1	1	1	0	0	0	0	0	1	1	0	0	1	1	0	0.0	
1	1	1	0	0	0	0	0	1	1	0	1	0	0	0	0.1799151793658068	
1	1	1	0	0	0	0	0	1	1	0	1	0	1	0	0.1490106197147253	
1	1	1	0	0	0	0	0	1	1	0	1	1	0	0	0.2533839272543231	
1	1	1	0	0	0	0	0	1	1	0	1	1	1	0	0.17117834827734635	
1	1	1	0	0	0	0	0	1	1	0	1	1	1	1	0.1635850471991147	
1	1	1	0	0	0	0	0	1	1	1	1	1	0	0	0.4168675586757496	
1	1	1	0	0	0	0	0	1	1	1	1	1	1	0	0.3678435372921443	
1	1	1	0	0	0	0	1	1	1	0	0	1	1	0	0.13558007497860158	
1	1	1	0	0	0	0	1	1	1	0	1	1	0	0	0.4003415365575019	
1	1	1	0	0	0	0	1	1	1	0	1	1	1	0	0.3591354377915993	
1	1	1	0	0	1	0	0	0	1	0	1	0	1	0	0.1457850539483193	
1	1	1	0	0	1	0	0	0	1	0	1	1	0	0	0.20818430411599675	
1	1	1	0	0	1	0	0	0	1	1	1	1	0	0	0.38925755095967857	
1	1	1	0	0	1	0	0	0	1	1	1	1	1	0	0.3579630895420369	
1	1	1	0	0	1	0	0	1	1	0	0	1	0	0	0.0	
1	1	1	0	0	1	0	0	1	1	0	0	1	1	0	0.01695072606607384	
1	1	1	0	0	1	0	0	1	1	0	1	0	0	0	0.26276198135970097	
1	1	1	0	0	1	0	0	1	1	0	1	0	1	0	0.2564084084084084	
1	1	1	0	0	1	0	0	1	1	0	1	1	0	0	0.39786804548191124	
1	1	1	0	0	1	0	0	1	1	0	1	1	1	0	0.30744460386876793	
1	1	1	0	0	1	0	0	1	1	1	1	1	0	0	0.37037550167683764	
1	1	1	0	0	1	0	0	1	1	1	1	1	1	0	0.3872549019607844	
1	1	1	0	0	1	0	1	1	1	0	1	1	1	0	0.3775491114546504	
1	1	1	1	0	0	0	0	0	1	0	0	0	0	0	0.0	
1	1	1	1	0	0	0	0	0	1	0	0	0	1	0	0.0	
1	1	1	1	0	0	0	0	0	1	0	0	1	0	0	0.0	
1	1	1	1	0	0	0	0	0	1	0	0	1	1	0	0.0	
1	1	1	1	0	0	0	0	0	1	0	1	0	0	0	0.23603103735863218	
1	1	1	1	0	0	0	0	0	1	0	1	0	1	0	0.20978932428072627	
1	1	1	1	0	0	0	0	0	1	0	1	1	0	0	0.26572262514004985	
1	1	1	1	0	0	0	0	0	1	0	1	1	1	0	0.24761339922174652	
1	1	1	1	0	0	0	0	0	1	1	0	1	0	0	0.21553724053724055	
1	1	1	1	0	0	0	0	0	1	1	0	1	1	0	0.10948763232420344	
1	1	1	1	0	0	0	0	0	1	1	1	0	0	0	0.400913737082383	
1	1	1	1	0	0	0	0	0	1	1	1	0	1	0	0.3320872078411661	
1	1	1	1	0	0	0	0	0	1	1	1	1	0	0	0.37286550056323664	
1	1	1	1	0	0	0	0	0	1	1	1	1	0	1	0.36798822847113377	
1	1	1	1	0	0	0	0	0	1	1	1	1	1	0	0.37298294247267677	
1	1	1	1	0	0	0	0	0	1	1	1	1	1	1	0.3834696412344297	
1	1	1	1	0	0	0	0	1	0	0	1	1	0	0	0.2425300286823283	
1	1	1	1	0	0	0	0	1	0	0	1	1	1	0	0.25348258706467663	
1	1	1	1	0	0	0	0	1	1	0	0	0	0	0	0.0	
1	1	1	1	0	0	0	0	1	1	0	0	0	1	0	0.0	
1	1	1	1	0	0	0	0	1	1	0	0	1	0	0	0.12174491139920507	
1	1	1	1	0	0	0	0	1	1	0	0	1	0	1	0.007546100309651638	
1	1	1	1	0	0	0	0	1	1	0	0	1	1	0	0.0	
1	1	1	1	0	0	0	0	1	1	0	1	0	0	0	0.4179890833730626	
1	1	1	1	0	0	0	0	1	1	0	1	0	0	1	0.41841351660939285	
1	1	1	1	0	0	0	0	1	1	0	1	0	1	0	0.39564435608915766	
1	1	1	1	0	0	0	0	1	1	0	1	0	1	1	0.2789410293505806	
1	1	1	1	0	0	0	0	1	1	0	1	1	0	0	0.3311208035952944	
1	1	1	1	0	0	0	0	1	1	0	1	1	0	1	0.39423714373570073	
1	1	1	1	0	0	0	0	1	1	0	1	1	1	0	0.38470795172295247	
1	1	1	1	0	0	0	0	1	1	0	1	1	1	1	0.38517835732766	
1	1	1	1	0	0	0	0	1	1	1	0	1	0	0	0.3856701980056796	
1	1	1	1	0	0	0	0	1	1	1	0	1	1	0	0.2776359999477049	
1	1	1	1	0	0	0	0	1	1	1	1	0	0	0	0.36367539716616576	
1	1	1	1	0	0	0	0	1	1	1	1	0	1	0	0.37726340574206285	
1	1	1	1	0	0	0	0	1	1	1	1	1	0	0	0.2807292279768806	
1	1	1	1	0	0	0	0	1	1	1	1	1	0	1	0.2764111322120968	
1	1	1	1	0	0	0	0	1	1	1	1	1	1	0	0.279774485774139	
1	1	1	1	0	0	0	0	1	1	1	1	1	1	1	0.36944036726612617	
1	1	1	1	0	0	0	1	0	1	0	1	0	0	0	0.37964214491987974	
1	1	1	1	0	0	0	1	0	1	0	1	1	1	0	0.3755968199194306	
1	1	1	1	0	0	0	1	0	1	1	1	1	0	0	0.2391399704669082	
1	1	1	1	0	0	0	1	0	1	1	1	1	1	0	0.27596890686220515	
1	1	1	1	0	0	0	1	1	1	0	0	0	1	0	0.27186483103879855	
1	1	1	1	0	0	0	1	1	1	0	0	1	0	0	0.38690000559013765	
1	1	1	1	0	0	0	1	1	1	0	0	1	1	0	0.3285103359104692	
1	1	1	1	0	0	0	1	1	1	0	1	0	0	0	0.35507182766191886	
1	1	1	1	0	0	0	1	1	1	0	1	0	1	0	0.37445492256058055	
1	1	1	1	0	0	0	1	1	1	0	1	1	0	0	0.2726493988313855	
1	1	1	1	0	0	0	1	1	1	0	1	1	0	1	0.27687652413722663	
1	1	1	1	0	0	0	1	1	1	0	1	1	1	0	0.27729755267316725	
1	1	1	1	0	0	0	1	1	1	1	0	1	0	0	0.3826285755758571	
1	1	1	1	0	0	0	1	1	1	1	0	1	1	0	0.3590518925196643	
1	1	1	1	0	0	0	1	1	1	1	1	1	0	0	0.0895471002694763	
1	1	1	1	0	0	0	1	1	1	1	1	1	1	0	0.11495448713722825	
1	1	1	1	0	0	1	0	0	1	0	1	1	0	0	0.39125112268585643	
1	1	1	1	0	0	1	0	0	1	0	1	1	1	0	0.31113613702878945	
1	1	1	1	0	0	1	0	1	1	0	1	1	0	0	0.3598864231865528	
1	1	1	1	0	0	1	0	1	1	0	1	1	1	0	0.35761483175084235	
1	1	1	1	0	0	1	1	1	1	0	1	1	0	0	0.24040018633953725	
1	1	1	1	0	0	1	1	1	1	0	1	1	1	0	0.2804419023017667	
1	1	1	1	0	1	0	0	0	0	0	1	1	1	0	0.2627254751781919	
1	1	1	1	0	1	0	0	0	1	0	0	0	1	0	0.010403413599760603	
1	1	1	1	0	1	0	0	0	1	0	0	1	1	0	0.0	
1	1	1	1	0	1	0	0	0	1	0	1	0	0	0	0.3859147923278615	
1	1	1	1	0	1	0	0	0	1	0	1	0	1	0	0.39494685437078003	
1	1	1	1	0	1	0	0	0	1	0	1	1	0	0	0.3500779074177929	
1	1	1	1	0	1	0	0	0	1	0	1	1	1	0	0.38837977070656804	
1	1	1	1	0	1	0	0	0	1	1	0	1	0	0	0.400994362536892	
1	1	1	1	0	1	0	0	0	1	1	0	1	1	0	0.24072807299069282	
1	1	1	1	0	1	0	0	0	1	1	1	0	0	0	0.34901818708789223	
1	1	1	1	0	1	0	0	0	1	1	1	0	1	0	0.39669579657743176	
1	1	1	1	0	1	0	0	0	1	1	1	1	0	0	0.2838376396482566	
1	1	1	1	0	1	0	0	0	1	1	1	1	1	0	0.3645904124197631	
1	1	1	1	0	1	0	0	1	0	0	1	1	0	0	0.36208172479940376	
1	1	1	1	0	1	0	0	1	0	0	1	1	1	0	0.3377011585673003	
1	1	1	1	0	1	0	0	1	1	0	0	0	0	0	0.2075484466978902	
1	1	1	1	0	1	0	0	1	1	0	0	0	1	0	0.19144598894657505	
1	1	1	1	0	1	0	0	1	1	0	0	1	0	0	0.2928261340363151	
1	1	1	1	0	1	0	0	1	1	0	0	1	0	1	0.2646512130545199	
1	1	1	1	0	1	0	0	1	1	0	0	1	1	0	0.2601621159342563	
1	1	1	1	0	1	0	0	1	1	0	0	1	1	1	0.22841252254013766	
1	1	1	1	0	1	0	0	1	1	0	1	0	0	0	0.35017653195451637	
1	1	1	1	0	1	0	0	1	1	0	1	0	0	1	0.3346474363423516	
1	1	1	1	0	1	0	0	1	1	0	1	0	1	0	0.3507571007473712	
1	1	1	1	0	1	0	0	1	1	0	1	0	1	1	0.4264815066882803	
1	1	1	1	0	1	0	0	1	1	0	1	1	0	0	0.29501514150703834	
1	1	1	1	0	1	0	0	1	1	0	1	1	0	1	0.3503353349343714	
1	1	1	1	0	1	0	0	1	1	0	1	1	1	0	0.3451356096456044	
1	1	1	1	0	1	0	0	1	1	0	1	1	1	1	0.3734792299774685	
1	1	1	1	0	1	0	0	1	1	1	0	1	0	0	0.3431490616513899	
1	1	1	1	0	1	0	0	1	1	1	0	1	1	0	0.364028184613591	
1	1	1	1	0	1	0	0	1	1	1	1	0	0	0	0.22708186557700435	
1	1	1	1	0	1	0	0	1	1	1	1	0	1	0	0.2982009422680247	
1	1	1	1	0	1	0	0	1	1	1	1	1	0	0	0.21224970532784482	
1	1	1	1	0	1	0	0	1	1	1	1	1	0	1	0.17678028213628394	
1	1	1	1	0	1	0	0	1	1	1	1	1	1	0	0.20545281156537806	
1	1	1	1	0	1	0	0	1	1	1	1	1	1	1	0.2976010101010101	
1	1	1	1	0	1	0	1	0	1	0	1	0	0	0	0.39488181717392773	
1	1	1	1	0	1	0	1	0	1	0	1	0	1	0	0.3741237836416236	
1	1	1	1	0	1	0	1	0	1	1	1	1	1	0	0.11341140651931136	
1	1	1	1	0	1	0	1	1	1	0	0	1	0	0	0.3603234122334193	
1	1	1	1	0	1	0	1	1	1	0	0	1	1	0	0.36952530436820125	
1	1	1	1	0	1	0	1	1	1	0	1	0	0	0	0.19517529771046405	
1	1	1	1	0	1	0	1	1	1	0	1	0	1	0	0.2903411915342321	
1	1	1	1	0	1	0	1	1	1	0	1	1	0	0	0.21309744974137534	
1	1	1	1	0	1	0	1	1	1	0	1	1	0	1	0.21316489361702126	
1	1	1	1	0	1	0	1	1	1	0	1	1	1	0	0.20238606536375928	
1	1	1	1	0	1	0	1	1	1	0	1	1	1	1	0.29895633067838506	
1	1	1	1	0	1	0	1	1	1	1	1	1	0	0	0.053275453827940016	
1	1	1	1	0	1	0	1	1	1	1	1	1	1	0	0.04147615937295885	
1	1	1	1	0	1	1	0	0	1	0	1	1	0	0	0.3630877051009851	
1	1	1	1	0	1	1	0	0	1	0	1	1	1	0	0.35798868529430594	
1	1	1	1	0	1	1	0	1	1	0	1	1	0	0	0.28247109938173587	
1	1	1	1	0	1	1	0	1	1	0	1	1	1	0	0.3438491977214419	
1	1	1	1	1	0	0	0	0	1	0	1	1	0	0	0.0	
1	1	1	1	1	0	0	0	0	1	0	1	1	1	0	0.022235556119681976	
1	1	1	1	1	0	0	0	1	1	0	1	1	0	0	0.23835044432586971	
1	1	1	1	1	0	0	0	1	1	0	1	1	1	0	0.18097407719514624	
1	1	1	1	1	1	0	0	0	1	0	1	1	1	0	0.1305032330019582	
1	1	1	1	1	1	0	0	1	1	0	1	1	0	0	0.37273533381905266	
1	1	1	1	1	1	0	0	1	1	0	1	1	1	0	0.26726026039468465	
